RiskPerformance,ExternalRiskEstimate,MSinceOldestTradeOpen,MSinceMostRecentTradeOpen,AverageMInFile,NumSatisfactoryTrades,NumTrades60Ever2DerogPubRec,NumTrades90Ever2DerogPubRec,PercentTradesNeverDelq,MSinceMostRecentDelq,MaxDelq2PublicRecLast12M,MaxDelqEver,NumTotalTrades,NumTradesOpeninLast12M,PercentInstallTrades,MSinceMostRecentInqexcl7days,NumInqLast6M,NumInqLast6Mexcl7days,NetFractionRevolvingBurden,NetFractionInstallBurden,NumRevolvingTradesWBalance,NumInstallTradesWBalance,NumBank2NatlTradesWHighUtilization,PercentTradesWBalance
Bad,55,144,4,84,20,3,0,83,2,3,5,23,1,43,0,0,0,33,-8,8,1,1,69
Bad,61,58,15,41,2,4,4,100,-7,0,8,7,0,67,0,0,0,0,-8,0,-8,-8,0
Bad,67,66,5,24,9,0,0,100,-7,7,8,9,4,44,0,4,4,53,66,4,2,1,86
Bad,66,169,1,73,28,1,1,93,76,6,6,30,3,57,0,5,4,72,83,6,4,3,91
Bad,81,333,27,132,12,0,0,100,-7,7,8,12,0,25,0,1,1,51,89,3,1,0,80
Bad,59,137,11,78,31,0,0,91,1,4,6,32,1,47,0,0,0,62,93,12,4,3,94
Good,54,88,7,37,25,0,0,92,9,4,6,26,3,58,0,4,4,89,76,7,7,2,100
Good,68,148,7,65,17,0,0,83,31,6,6,18,1,44,0,0,0,28,48,2,2,2,40
Bad,59,324,2,138,24,0,0,85,5,4,6,27,1,26,0,1,1,68,-8,7,1,3,90
Bad,61,79,4,36,19,0,0,95,5,4,6,19,3,26,0,6,6,31,86,5,3,1,62
Good,82,96,5,47,16,0,0,100,-7,7,8,16,3,31,0,0,0,15,88,4,2,0,67
Bad,50,311,25,76,12,1,0,60,2,3,5,15,0,20,0,1,1,84,64,5,2,2,88
Bad,74,274,2,66,23,0,0,100,-7,6,8,28,4,39,0,2,2,18,65,3,5,1,67
Good,69,256,6,117,11,1,1,100,-7,7,8,14,1,8,0,0,0,13,-8,2,-8,0,67
Bad,63,262,26,95,3,2,2,75,27,6,4,6,0,100,0,0,0,-8,-8,-8,1,-8,100
Bad,63,184,3,77,34,0,0,97,32,6,6,36,2,36,0,11,10,71,80,10,2,3,82
Bad,61,256,19,68,14,0,0,87,0,4,6,15,0,33,0,2,1,62,68,3,3,1,86
Bad,62,131,4,59,16,4,2,79,23,6,5,20,4,58,0,4,4,25,91,3,4,1,70
Bad,89,244,9,147,10,0,0,100,-7,7,8,10,1,10,0,0,0,3,-8,2,-8,0,50
Bad,65,43,2,26,15,1,1,100,-7,7,8,17,2,25,0,4,4,31,83,5,1,0,75
Bad,57,147,4,73,27,1,1,97,1,0,2,31,2,48,0,4,4,44,87,3,2,3,56
Bad,72,365,11,83,22,0,0,100,-7,7,8,22,1,41,0,0,0,49,23,6,2,1,73
Good,72,84,4,53,29,0,0,100,-7,7,8,30,2,27,0,1,1,43,48,9,5,3,64
Bad,65,88,9,45,20,0,0,85,1,4,6,20,1,20,0,0,0,14,71,4,2,1,50
Bad,64,91,4,55,19,1,1,90,0,0,2,20,2,50,0,2,2,24,81,6,3,1,82
Bad,58,265,3,79,25,2,1,93,13,0,5,28,2,48,0,1,1,63,50,8,2,0,91
Bad,58,150,16,72,18,2,0,55,4,4,5,22,0,45,0,1,1,79,38,7,3,0,91
Bad,79,162,7,94,17,0,0,100,-7,7,8,17,1,29,0,0,0,28,-8,3,1,1,57
Bad,66,284,32,107,15,2,2,82,3,4,4,17,0,53,0,1,1,19,50,3,2,1,63
Bad,69,476,8,157,38,4,4,100,-7,6,8,39,1,36,0,4,4,50,54,14,2,4,89
Good,71,179,3,62,15,3,2,83,37,6,2,18,4,33,0,5,5,5,9,1,1,0,22
Bad,54,114,12,49,9,3,3,64,4,0,2,12,0,27,0,0,0,62,14,6,2,1,100
Bad,68,133,7,44,39,2,2,100,-7,6,8,39,4,67,0,2,2,15,73,5,2,0,50
Good,75,164,4,66,19,0,0,100,-7,7,8,19,2,21,0,0,0,53,92,5,1,1,55
Bad,67,118,6,37,23,2,2,88,70,6,2,26,5,42,0,0,0,31,70,5,3,1,67
Good,88,153,33,92,13,0,0,100,-7,7,8,14,0,7,0,0,0,1,-8,1,-8,0,25
Bad,51,186,13,96,22,3,1,84,2,0,2,25,0,56,0,4,3,79,50,5,3,3,100
Bad,70,127,25,57,23,0,0,96,-8,6,6,24,0,13,0,0,0,51,-8,9,-8,1,67
Bad,65,116,10,37,14,1,1,93,72,6,2,15,1,13,0,2,2,52,-8,3,1,2,56
Bad,78,21,4,13,11,0,0,100,-7,7,8,11,5,64,0,3,3,7,-8,3,-8,0,75
Good,86,318,18,90,13,0,0,100,-7,7,8,13,0,62,0,0,0,0,44,0,2,-8,50
Good,90,230,13,73,11,0,0,100,-7,7,8,13,0,62,0,0,0,1,71,1,4,0,71
Bad,76,293,4,74,33,0,0,100,-7,7,8,34,1,38,0,2,2,37,-8,13,1,0,88
Bad,70,37,4,20,19,0,0,100,-7,7,8,20,2,20,0,3,3,42,73,2,2,1,50
Bad,73,255,16,100,40,0,0,100,-7,7,8,44,0,23,0,1,1,79,-8,18,1,13,80
Bad,72,209,2,95,41,0,0,100,-7,7,8,42,3,38,0,1,1,42,-8,7,2,2,82
Good,83,398,3,118,29,0,0,100,-7,7,8,29,2,31,0,3,3,22,87,6,3,0,69
Good,87,326,7,111,26,0,0,100,-7,7,8,30,1,40,0,0,0,12,89,3,2,0,56
Bad,55,114,6,59,19,0,0,89,5,4,6,19,1,53,0,1,1,97,90,8,2,6,100
Bad,65,478,12,97,44,0,0,89,1,4,6,47,0,32,0,9,9,63,-8,9,-8,6,60
Bad,78,197,23,91,15,0,0,100,-7,7,8,17,0,41,0,5,5,57,32,2,2,-8,67
Good,79,243,17,77,35,0,0,97,67,6,6,39,0,36,0,2,2,20,-8,4,1,0,56
Bad,75,183,18,92,21,0,0,100,-7,7,8,22,0,27,0,0,0,88,91,9,3,5,93
Bad,70,176,8,96,20,0,0,95,17,5,6,20,1,30,0,0,0,74,71,8,4,3,86
Bad,78,368,6,74,42,0,0,98,23,5,6,43,3,49,0,3,3,10,19,8,2,0,67
Bad,75,300,14,124,22,0,0,100,-7,7,8,23,0,39,0,0,0,57,-8,4,1,1,100
Bad,76,150,11,54,14,0,0,100,-7,7,8,15,1,40,0,0,0,32,96,4,2,0,75
Bad,72,168,8,62,10,0,0,100,-7,7,8,11,1,18,0,5,5,60,82,7,1,0,100
Bad,55,118,4,69,12,7,4,50,4,3,3,22,2,27,0,2,2,79,79,5,2,2,88
Bad,74,277,30,123,24,0,0,88,12,6,6,24,0,25,0,0,0,45,-8,12,1,2,93
Bad,63,174,1,62,11,1,0,79,5,3,5,14,1,29,0,5,5,37,101,5,2,2,70
Bad,81,137,9,66,34,0,0,100,-7,7,8,34,1,62,0,1,1,24,92,3,4,0,78
Good,81,126,9,78,18,0,0,100,-7,7,8,18,1,83,0,0,0,0,64,1,3,-8,80
Bad,59,243,11,79,38,1,1,76,7,4,6,43,1,50,0,1,1,63,78,7,4,4,86
Bad,66,176,11,81,43,0,0,98,3,4,6,44,1,39,0,2,2,36,64,3,4,1,47
Bad,72,169,5,60,21,1,1,96,30,6,3,23,1,52,0,4,4,66,82,4,3,1,78
Good,73,409,7,94,38,0,0,100,-7,7,8,39,2,18,0,1,1,27,69,11,2,2,72
Bad,86,419,10,122,17,0,0,100,-7,7,8,18,1,72,0,0,0,0,36,0,2,-8,50
Bad,91,282,100,209,6,0,0,100,-7,7,8,7,0,43,0,0,0,0,-8,0,-8,-8,0
Good,73,324,15,89,19,0,0,89,9,4,6,19,0,21,0,0,0,34,36,6,3,1,64
Good,78,134,2,63,35,0,0,93,32,6,6,40,3,40,0,0,0,22,55,5,4,0,60
Bad,65,155,8,37,20,1,1,95,8,4,6,21,1,38,0,2,2,49,87,5,5,1,67
Bad,75,70,1,38,8,0,0,100,-7,7,8,9,1,78,0,4,3,17,-8,2,1,-8,100
Good,84,277,8,109,8,0,0,100,-7,7,8,8,1,50,0,0,0,33,-8,2,1,0,100
Good,75,294,12,94,39,0,0,98,-8,6,6,40,0,35,0,2,2,17,-8,6,5,0,61
Good,60,357,17,141,9,4,3,67,3,3,4,13,0,50,0,1,1,28,-8,4,-8,-8,100
Good,68,106,3,54,29,1,1,87,51,6,2,31,2,65,0,1,1,85,73,3,5,2,100
Bad,67,85,7,44,15,1,1,93,45,6,6,16,2,33,0,0,0,59,62,3,2,2,83
Bad,71,282,1,73,22,0,0,96,-8,6,6,25,5,4,0,2,2,37,39,11,1,1,80
Bad,50,204,2,91,23,2,0,82,1,3,5,28,2,32,0,6,6,32,-8,5,-8,0,67
Bad,62,151,19,99,5,1,1,80,16,6,6,6,0,80,0,0,0,40,75,1,2,0,100
Bad,70,333,2,75,16,0,0,100,-7,5,8,20,8,30,0,0,0,78,92,6,2,4,67
Bad,58,307,6,79,14,1,0,73,18,6,5,15,2,53,0,0,0,81,75,3,3,2,86
Good,-9,17,17,17,1,0,0,100,-7,9,8,1,0,100,0,0,0,-8,-8,-8,-8,-8,-8
Good,88,188,13,82,20,0,0,100,-7,7,8,20,0,40,0,0,0,17,82,2,2,0,50
Bad,65,107,7,48,40,0,0,100,-7,6,8,43,4,42,0,2,2,80,86,5,2,4,70
Bad,74,169,5,78,26,0,0,96,76,6,6,27,2,37,0,1,1,37,91,5,4,0,75
Bad,78,282,2,95,23,0,0,100,-7,7,8,24,1,13,0,1,1,22,-8,4,1,1,43
Good,74,378,7,110,41,0,0,98,35,6,6,42,4,57,0,0,0,44,76,4,5,2,69
Good,77,311,11,103,39,0,0,98,-8,6,6,42,1,36,0,0,0,46,73,5,4,1,69
Bad,67,299,2,79,25,0,0,89,15,5,6,27,3,37,0,12,11,63,63,13,3,4,94
Good,56,76,6,32,11,2,2,92,15,5,2,14,5,17,0,3,3,83,42,5,2,2,100
Good,88,211,20,103,13,0,0,100,-7,7,8,14,0,57,-7,0,0,0,19,2,3,0,71
Bad,75,169,2,59,21,0,0,100,-7,7,8,22,4,36,-7,4,4,43,112,4,6,0,83
Bad,66,127,2,69,17,0,0,94,16,6,6,18,4,33,-7,3,3,42,81,3,4,3,58
Good,81,220,2,91,20,0,0,100,-7,7,8,23,2,39,-7,2,2,36,-8,3,1,1,67
Bad,71,177,8,95,24,0,0,96,-8,6,6,24,1,75,-7,1,1,87,87,4,2,3,100
Bad,69,112,2,43,5,0,0,100,-7,7,8,7,2,43,-7,1,1,37,58,3,2,0,83
Good,74,150,13,91,13,1,1,93,35,6,2,14,0,29,-7,0,0,36,-8,1,1,1,40
Bad,56,224,21,109,27,1,1,79,4,4,6,28,0,21,-7,1,1,101,79,15,1,11,94
Bad,65,243,9,89,23,0,0,83,2,4,6,23,1,52,-7,0,0,49,75,4,4,1,80
Good,92,152,15,154,14,0,0,100,-7,7,8,15,0,47,-7,0,0,7,79,2,2,0,80
Good,91,150,3,108,10,0,0,100,-7,7,8,11,1,64,-7,1,1,2,41,1,3,0,67
Good,73,183,6,90,19,1,1,100,-7,7,8,19,1,32,-7,0,0,6,52,1,2,0,50
Bad,66,255,1,80,14,1,1,88,9,4,6,16,3,69,-7,4,4,58,60,3,4,1,88
Bad,87,120,12,59,26,0,0,100,-7,7,8,26,0,54,-7,1,1,1,-8,2,1,0,75
Bad,64,246,16,106,5,3,3,88,57,6,3,8,0,88,-7,1,1,-8,144,-8,4,-8,100
Bad,63,123,2,40,5,1,1,86,29,6,4,7,4,43,-7,0,0,77,-8,3,1,1,100
Good,78,177,1,65,26,0,0,96,-8,6,6,28,3,46,-7,1,1,4,72,4,5,0,64
Bad,75,212,23,105,11,0,0,82,21,6,6,11,0,45,-7,1,1,13,-8,1,1,0,100
Good,68,224,9,110,24,5,5,86,25,6,2,29,1,31,-7,5,5,5,73,2,2,-8,71
Bad,61,208,6,96,24,3,2,74,44,6,2,27,3,63,-7,2,2,53,77,6,4,2,92
Bad,63,203,2,79,16,0,0,59,3,4,6,17,1,47,-7,3,3,55,77,7,3,1,91
Bad,69,160,5,109,11,1,1,92,20,6,3,13,1,31,-7,0,0,94,-8,3,2,3,100
Bad,49,103,4,48,10,12,9,53,7,0,2,17,1,35,-7,2,2,37,66,5,2,0,80
Bad,74,159,9,69,26,0,0,100,-7,6,7,27,2,48,-7,0,0,61,67,3,4,2,78
Bad,65,241,37,95,15,0,0,76,0,4,6,17,0,29,-7,1,1,51,43,3,1,1,80
Bad,80,203,6,91,15,0,0,100,-7,7,8,17,1,29,-7,0,0,16,93,6,2,1,69
Bad,61,61,10,41,9,0,0,80,-8,5,6,10,1,50,-7,2,2,80,95,4,3,1,100
Bad,57,178,2,79,23,0,0,92,2,4,6,26,2,58,-7,3,3,57,77,5,2,1,100
Bad,59,131,7,81,13,1,0,69,5,4,5,17,1,50,-7,2,2,75,-8,3,2,1,100
Bad,71,103,15,94,6,1,0,86,13,6,5,7,0,14,-7,0,0,48,-8,2,-8,0,67
Good,86,168,15,85,33,0,0,97,51,6,6,34,0,38,-7,0,0,3,-8,3,2,0,56
Good,83,106,3,62,28,0,0,100,-7,7,8,28,5,11,-7,4,4,17,-8,2,1,0,60
Bad,59,198,6,89,29,3,2,79,21,6,2,34,1,38,-7,3,3,38,98,11,1,1,86
Bad,59,256,0,50,11,1,0,44,1,4,5,16,1,75,-7,1,1,93,74,3,6,2,90
Good,55,203,7,81,19,2,1,86,3,3,5,21,2,33,-7,3,3,56,87,3,2,1,83
Good,75,258,28,97,23,0,0,96,-8,6,6,24,0,13,-7,0,0,31,-8,4,-8,0,57
Bad,78,41,3,16,3,0,0,100,-7,7,8,3,2,67,-7,16,16,0,-8,0,1,-8,50
Good,65,14,0,4,3,0,0,100,-7,7,8,6,5,33,-7,9,9,1,98,1,2,0,50
Good,80,233,3,106,28,0,0,97,2,4,6,30,4,37,2,3,3,4,98,4,2,0,86
Bad,70,252,3,73,20,4,2,88,31,6,3,24,4,67,2,1,1,16,93,3,2,0,63
Bad,59,-8,5,82,20,5,5,78,6,4,2,27,1,67,4,1,1,98,84,2,4,-8,100
Bad,57,246,4,72,34,2,1,88,3,1,3,40,4,73,2,3,3,12,70,3,12,0,89
Bad,77,154,3,55,31,0,0,100,-7,7,8,32,6,63,2,2,1,26,74,5,14,0,86
Bad,65,37,13,24,11,0,0,100,-7,7,8,11,0,27,3,4,4,81,-8,6,1,2,88
Bad,67,97,2,46,8,0,0,100,-7,7,8,9,1,33,0,1,1,66,48,5,2,1,88
Bad,73,136,6,77,25,0,0,100,-7,7,8,25,4,36,0,3,3,54,100,11,1,1,100
Bad,73,190,8,113,27,0,0,100,-7,7,8,30,1,23,7,0,0,40,78,9,3,1,68
Bad,77,221,17,93,46,0,0,100,-7,7,8,51,0,36,17,0,0,41,-8,8,1,2,75
Bad,61,190,7,118,34,0,0,82,22,5,6,34,1,50,19,0,0,97,78,6,4,4,100
Good,86,242,77,135,14,0,0,100,-7,7,8,14,0,36,1,3,3,3,-8,2,1,0,43
Good,66,132,3,36,34,0,0,100,-7,7,8,34,3,26,10,0,0,66,81,21,4,5,96
Bad,64,178,8,108,33,0,0,85,1,4,6,33,2,36,0,4,4,48,78,5,3,3,62
Good,79,245,6,100,35,0,0,100,-7,7,8,37,1,43,4,1,1,18,61,6,4,0,71
Good,76,159,3,84,21,0,0,95,-7,5,7,21,1,71,3,1,1,42,69,3,3,1,75
Bad,62,27,19,22,3,2,2,100,-7,6,8,3,0,100,2,4,4,-8,-8,-8,1,-8,100
Good,81,244,3,128,54,0,0,98,-8,6,6,56,3,41,0,4,4,25,97,6,3,0,90
Good,85,241,7,120,36,0,0,100,-7,7,8,36,1,39,2,1,1,1,20,3,4,0,50
Bad,75,160,5,69,12,0,0,100,-7,7,8,12,2,42,2,2,2,85,100,2,2,2,83
Bad,72,132,2,65,25,0,0,100,-7,7,8,26,3,42,2,3,3,40,70,5,3,2,73
Bad,71,179,4,68,32,1,1,97,50,6,3,33,5,21,1,5,5,43,45,12,4,3,76
Good,65,256,40,190,23,1,1,85,5,4,4,27,0,52,5,0,0,75,27,4,3,1,88
Good,55,139,3,65,51,0,0,98,2,4,6,51,3,27,0,11,9,80,-8,17,2,10,79
Good,89,137,15,75,14,0,0,100,-7,7,8,14,0,0,-8,0,0,3,-8,3,-8,0,50
Bad,50,222,20,99,24,2,1,81,1,4,5,26,0,38,3,1,1,42,67,6,3,2,69
Good,70,218,3,69,24,1,1,88,36,5,2,33,3,62,0,5,5,69,83,8,4,1,100
Bad,55,156,5,65,59,1,1,98,2,4,6,59,5,36,1,12,11,44,91,7,5,1,92
Bad,69,82,13,57,15,5,4,67,23,6,2,21,0,71,5,2,2,6,66,1,2,-8,75
Good,62,247,11,93,29,2,2,90,37,0,6,29,1,24,16,0,0,67,-8,11,1,3,100
Good,87,112,5,67,22,0,0,100,-7,7,8,22,2,55,5,0,0,3,92,1,3,0,44
Good,65,129,10,64,30,0,0,78,2,4,6,32,3,34,0,1,1,17,99,2,10,0,67
Bad,66,93,7,33,23,0,0,100,-7,7,8,24,3,33,0,2,2,58,97,8,2,4,63
Bad,85,154,45,159,4,0,0,100,-7,7,8,4,0,50,-8,0,0,53,-8,1,-8,0,100
Good,81,212,1,93,37,0,0,100,-7,7,8,44,5,16,2,3,3,19,-8,4,2,1,35
Good,65,321,3,74,27,2,1,68,21,6,4,31,5,45,0,4,4,11,91,1,4,0,56
Good,65,338,7,55,24,0,0,83,9,4,6,24,2,33,0,2,2,13,78,2,2,0,31
Good,85,195,5,87,28,0,0,100,-7,7,8,29,5,38,0,3,3,11,49,5,3,0,73
Good,67,145,3,58,31,1,1,94,11,4,2,32,4,56,3,2,2,18,62,5,6,1,79
Good,92,352,13,120,14,0,0,100,-7,7,8,17,0,35,4,1,1,11,-8,2,1,0,60
Bad,66,205,4,123,5,1,1,100,-7,6,8,5,2,40,4,5,5,83,80,1,2,1,100
Bad,62,135,8,59,15,2,2,81,4,4,6,16,1,81,0,11,10,13,59,2,4,0,100
Bad,62,433,1,79,31,3,3,92,24,5,2,39,7,85,0,2,2,13,97,1,4,-8,100
Good,69,175,6,56,17,2,1,90,11,4,5,20,3,55,1,1,1,16,92,3,8,0,73
Bad,83,344,42,151,10,0,0,90,38,6,6,10,0,40,19,0,0,5,-8,1,-8,-8,33
Bad,57,140,13,67,8,4,4,80,26,6,4,10,0,50,3,1,1,93,71,1,2,1,100
Bad,66,307,6,125,38,3,1,79,24,6,2,49,2,48,4,1,1,45,75,8,3,4,65
Bad,66,502,4,145,34,0,0,97,36,6,6,37,4,27,4,3,3,80,53,17,3,12,83
Bad,64,277,6,94,26,0,0,71,3,4,6,28,1,54,5,0,0,52,77,5,4,1,82
Good,81,334,16,104,18,0,0,100,-7,7,8,19,0,68,9,0,0,29,34,3,3,0,86
Good,63,307,2,85,35,0,0,95,22,6,6,38,3,24,0,3,3,38,-8,5,1,2,50
Bad,66,133,6,77,23,0,0,100,-7,7,8,26,2,42,0,3,3,105,94,6,2,6,100
Bad,61,338,2,145,32,0,0,88,4,4,6,33,1,27,12,0,0,56,85,15,2,6,78
Good,85,182,13,74,10,0,0,100,-7,7,8,10,0,50,18,0,0,12,34,4,2,0,86
Good,72,145,7,57,45,0,0,100,-7,7,8,72,2,74,7,0,0,34,97,4,12,0,73
Good,85,267,18,72,8,0,0,100,-7,7,8,8,0,25,17,0,0,17,62,2,1,0,75
Bad,78,340,8,106,25,0,0,96,7,4,6,25,1,56,4,1,1,6,77,2,3,0,56
Good,86,439,2,112,18,0,0,100,-7,7,8,21,2,57,1,3,3,26,100,3,2,0,83
Good,70,139,5,67,19,1,0,83,19,6,5,23,2,57,5,0,0,39,66,2,3,0,100
Bad,62,295,7,124,55,0,0,95,8,4,6,57,2,39,5,0,0,32,48,6,4,2,57
Good,82,286,1,103,16,0,0,100,-7,7,8,17,3,47,6,0,0,25,22,4,3,1,89
Good,75,311,8,117,40,0,0,100,-7,7,8,45,2,42,0,5,5,34,-8,4,-8,2,45
Good,66,111,4,40,9,0,0,100,-7,7,8,9,2,33,1,3,3,80,55,5,2,3,88
Bad,93,399,27,174,5,0,0,100,-7,7,8,5,0,0,2,1,1,0,-8,0,-8,0,0
Bad,67,85,16,48,17,1,0,89,20,6,5,18,0,61,4,1,1,44,77,1,2,0,75
Bad,64,103,1,52,22,1,1,88,26,6,6,24,3,38,1,5,5,29,77,4,3,2,58
Bad,67,90,7,38,7,0,0,100,-7,7,8,7,1,57,5,1,1,91,52,1,2,1,75
Good,81,99,1,54,35,0,0,100,-7,7,8,36,1,25,0,2,2,8,42,2,3,0,67
Good,80,415,10,129,20,0,0,90,5,4,6,20,1,20,-8,0,0,8,84,1,1,0,50
Good,84,288,2,85,11,0,0,100,-7,7,8,13,1,38,17,1,0,20,-8,2,1,1,38
Good,88,209,9,93,19,0,0,100,-7,7,8,19,1,53,5,0,0,0,-8,1,1,0,29
Good,82,163,38,92,12,0,0,100,-7,7,8,12,0,17,18,0,0,33,-8,4,-8,0,100
Bad,60,281,1,73,35,0,0,78,0,4,6,40,4,28,0,8,8,16,86,10,4,2,68
Bad,60,164,4,67,18,2,0,67,1,4,5,24,2,58,0,5,5,0,53,0,4,0,63
Good,75,407,1,90,27,1,0,94,18,6,5,31,3,16,0,1,1,3,-8,8,2,0,59
Bad,59,191,4,74,38,0,0,93,5,4,6,40,2,33,1,2,2,48,45,12,3,3,83
Good,75,180,4,74,35,0,0,100,-7,7,8,36,5,44,0,4,4,41,97,1,3,0,80
Good,73,116,23,65,23,0,0,100,-7,7,8,23,0,39,1,1,1,25,70,3,4,1,62
Good,87,126,7,71,21,0,0,100,-7,7,8,22,1,38,13,0,0,10,50,2,2,0,67
Good,90,244,4,96,31,0,0,100,-7,7,8,31,1,42,0,3,3,2,-8,1,1,0,20
Good,63,69,3,42,13,7,7,100,-7,6,8,13,2,15,0,1,1,53,58,6,2,1,89
Good,89,363,1,106,21,0,0,100,-7,6,7,24,1,29,0,1,1,2,74,5,2,0,64
Good,82,154,1,82,35,0,0,100,-7,7,8,36,5,42,0,1,1,12,100,2,2,0,44
Good,70,253,33,131,23,1,1,100,-7,0,8,23,0,35,-8,0,0,3,48,3,3,0,55
Good,76,170,2,68,32,0,0,97,10,4,6,35,5,34,1,3,3,13,0,2,4,0,67
Good,75,325,7,101,23,1,1,96,65,6,6,24,1,63,6,0,0,47,70,4,4,0,89
Good,76,220,4,87,31,0,0,94,43,6,6,31,3,55,5,1,1,31,64,4,2,0,60
Bad,65,145,7,70,40,0,0,100,-7,7,8,43,4,30,1,9,8,83,77,10,5,6,79
Bad,65,293,11,142,20,1,0,38,2,4,5,24,1,50,3,13,13,9,32,4,4,2,62
Bad,92,474,57,258,8,0,0,100,-7,7,8,8,0,0,2,1,1,1,-8,3,-8,0,50
Bad,66,234,4,69,54,2,1,98,60,6,5,60,4,25,0,2,2,19,62,6,4,0,57
Bad,64,432,3,87,34,0,0,97,17,6,6,35,7,35,0,2,2,34,47,8,7,2,71
Bad,63,130,3,67,25,0,0,86,2,4,6,29,1,34,0,0,0,57,75,4,2,2,67
Bad,61,251,12,74,15,0,0,93,70,6,6,15,0,13,0,1,1,89,-8,7,1,5,100
Good,76,280,12,77,25,0,0,100,-7,7,8,25,0,40,0,0,0,17,42,2,4,1,50
Bad,60,125,8,34,26,0,0,96,10,4,6,26,2,15,0,3,3,56,70,4,1,1,67
Good,89,408,4,108,28,0,0,100,-7,7,8,30,2,20,0,1,1,10,66,4,2,0,55
Good,85,271,8,96,26,0,0,100,-7,7,8,26,1,19,0,1,1,4,-8,3,1,0,25
Bad,58,274,11,144,9,2,0,64,41,4,5,11,1,36,0,3,3,68,15,2,3,1,100
Good,64,162,5,73,4,3,3,67,54,6,2,7,1,33,0,1,1,57,-8,2,1,0,100
Good,81,306,5,74,16,0,0,100,-7,7,8,18,1,11,0,0,0,25,101,7,1,1,80
Bad,56,82,5,37,29,0,0,93,17,6,6,30,3,57,0,1,1,43,85,5,3,2,73
Bad,55,99,4,56,35,5,5,92,4,4,2,40,3,65,0,0,0,100,45,1,2,-8,100
Bad,51,232,6,93,13,2,1,69,1,0,2,16,3,38,0,0,0,94,88,2,3,1,83
Bad,68,130,8,51,30,2,2,97,71,6,6,36,2,53,0,0,0,59,24,5,4,0,75
Bad,55,147,1,83,12,2,2,86,32,6,2,15,1,29,0,2,2,66,-8,6,1,2,89
Good,87,336,4,120,35,0,0,100,-7,7,8,35,4,14,0,2,2,3,-8,6,1,0,47
Bad,68,264,17,106,22,0,0,88,78,6,6,26,0,46,0,0,0,64,65,5,3,3,90
Bad,70,233,6,69,31,0,0,97,6,4,6,33,1,33,0,0,0,35,68,6,3,1,59
Good,75,254,4,60,9,0,0,100,-7,7,8,9,2,44,0,1,1,60,95,2,2,0,80
Bad,70,321,11,67,13,2,2,82,71,6,4,17,1,53,0,4,4,50,80,3,5,0,90
Good,77,165,12,75,20,0,0,95,-8,6,6,20,0,20,0,0,0,41,44,4,2,1,43
Bad,73,232,5,72,19,0,0,95,8,4,6,19,3,42,0,0,0,35,85,6,2,0,73
Good,60,273,3,126,32,4,4,89,2,4,6,35,3,11,0,0,0,37,74,16,2,0,95
Bad,77,324,7,85,26,0,0,100,-7,7,8,26,3,38,0,0,0,16,65,4,4,0,59
Good,80,220,5,105,32,0,0,100,-7,7,8,32,2,41,0,0,0,36,54,3,4,1,58
Bad,82,161,4,60,41,0,0,100,-7,7,8,44,4,23,0,4,4,2,-8,3,1,1,29
Bad,83,176,8,70,8,0,0,100,-7,7,8,8,3,50,0,0,0,38,91,2,2,0,80
Bad,65,321,6,114,27,1,1,82,17,5,3,28,3,32,0,0,0,66,-8,6,1,1,88
Bad,77,140,2,73,15,0,0,88,12,6,6,17,2,53,0,1,1,17,64,2,4,-8,67
Bad,66,409,4,138,18,0,0,85,15,6,6,20,2,25,0,0,0,55,-8,7,-8,1,80
Bad,84,191,35,104,11,0,0,100,-7,7,8,12,0,58,0,2,0,4,50,1,2,0,75
Bad,59,152,8,50,23,4,2,79,29,6,2,29,4,41,0,0,0,70,93,8,3,1,100
Bad,66,253,5,125,8,3,0,64,12,6,5,11,2,27,0,0,0,80,-8,2,1,1,60
Bad,63,234,25,159,8,2,1,43,23,6,2,14,0,14,0,0,0,33,-8,1,-8,1,33
Bad,73,250,6,67,42,0,0,100,-7,7,8,47,2,49,0,1,1,50,86,4,7,1,69
Good,77,173,14,71,39,0,0,100,-7,6,8,42,0,31,0,0,0,19,66,8,3,1,50
Good,79,81,8,38,10,0,0,100,-7,7,8,10,2,20,0,0,0,10,-8,2,1,-8,50
Bad,64,164,8,71,25,1,0,92,7,4,6,26,3,38,0,3,3,58,84,3,3,0,67
Bad,67,282,11,108,37,0,0,95,3,4,6,40,1,43,0,1,1,68,58,5,3,2,80
Bad,80,290,5,82,14,0,0,87,17,5,6,15,2,60,0,0,0,16,44,3,4,0,78
Bad,74,279,3,90,31,1,1,97,12,6,4,33,3,18,0,2,2,5,95,4,3,0,47
Good,70,196,4,64,34,0,0,100,-7,7,8,35,1,37,0,0,0,83,-8,6,1,3,100
Bad,65,77,6,50,2,1,1,67,57,6,3,3,1,67,0,0,0,-8,-8,-8,1,-8,100
Bad,69,184,15,76,9,2,2,82,49,6,2,11,0,27,0,0,0,66,-8,4,-8,2,57
Bad,73,94,3,49,21,0,0,95,57,6,6,22,2,36,0,2,2,42,47,3,2,1,56
Good,66,74,3,21,13,0,0,92,-8,6,6,13,6,23,0,4,4,33,61,5,3,0,73
Good,73,219,4,88,23,0,0,100,-7,7,8,24,3,46,0,1,1,45,88,6,2,1,89
Good,80,198,10,72,25,0,0,100,-7,7,8,25,1,24,0,1,1,7,23,1,2,0,50
Bad,58,175,6,57,45,1,0,96,8,3,5,47,1,53,0,3,3,69,85,6,12,3,78
Good,88,369,7,114,31,0,0,100,-7,7,8,33,2,33,0,0,0,1,91,2,2,0,36
Good,64,159,1,54,20,1,0,89,20,5,5,27,2,52,0,2,2,42,94,4,2,2,86
Bad,62,174,2,84,35,0,0,89,38,5,6,38,3,32,0,1,1,68,-8,9,2,3,85
Bad,73,144,38,96,13,0,0,85,44,6,6,13,0,8,0,0,0,40,5,10,1,1,85
Bad,86,266,3,95,12,0,0,100,-7,7,8,13,3,15,0,0,0,22,-8,3,-8,0,43
Bad,66,375,16,183,21,1,0,83,4,3,5,23,0,52,0,3,3,24,-8,3,2,0,100
Good,69,338,2,62,22,0,0,96,12,6,6,23,3,35,0,4,4,25,100,3,2,1,45
Bad,58,118,21,66,14,3,0,75,3,4,5,20,0,30,0,0,0,62,66,5,4,0,90
Bad,75,255,5,102,30,0,0,100,-7,7,8,32,2,13,0,1,1,39,95,7,2,4,53
Bad,75,291,20,118,15,1,0,94,68,6,5,17,0,41,0,2,2,48,-8,3,1,0,83
Bad,70,288,8,69,30,0,0,100,-7,7,8,30,2,20,0,1,1,31,94,5,2,2,39
Bad,83,122,13,35,11,0,0,100,-7,7,8,11,0,36,0,0,0,2,-8,2,1,0,50
Bad,72,72,8,39,18,0,0,100,-7,7,8,18,2,28,0,2,2,73,-8,3,1,0,100
Good,84,294,5,119,44,0,0,100,-7,7,8,47,3,68,0,2,2,4,67,5,8,2,76
Bad,68,220,9,69,27,0,0,100,-7,7,8,27,3,44,0,2,2,95,59,4,4,2,100
Good,76,269,6,107,32,1,1,97,-7,5,7,32,3,31,0,0,0,42,2,3,2,1,75
Bad,82,133,14,88,9,0,0,100,-7,7,8,9,0,44,0,0,0,0,-8,0,1,-8,50
Good,62,21,12,17,4,0,0,100,-7,7,8,4,0,50,0,4,3,120,83,1,2,1,75
Bad,79,106,9,64,16,0,0,100,-7,7,8,16,1,38,0,2,2,20,44,2,3,1,50
Bad,77,191,4,76,20,0,0,100,-7,7,8,20,2,35,0,3,2,69,17,2,2,1,63
Bad,82,247,3,57,46,0,0,98,18,6,6,46,3,28,0,0,0,3,45,3,2,0,45
Good,64,120,6,49,15,1,1,88,25,6,4,16,2,44,0,1,1,69,81,4,3,2,78
Good,68,343,1,96,40,1,1,90,39,6,2,43,3,37,0,11,11,75,58,8,6,4,71
Bad,57,123,13,57,5,6,6,71,29,6,2,8,0,29,0,2,2,100,-8,1,1,1,100
Bad,75,78,3,41,6,0,0,100,-7,7,8,6,1,67,0,4,4,56,101,2,1,0,100
Good,84,149,13,80,13,0,0,100,-7,7,8,13,0,85,0,1,1,0,87,0,2,-8,67
Good,73,123,4,65,24,0,0,100,-7,7,8,24,1,38,0,1,1,68,80,3,7,1,71
Good,80,162,5,58,41,0,0,98,-8,6,6,42,5,60,0,0,0,6,90,3,10,0,64
Bad,61,115,13,70,16,3,1,74,9,2,4,19,0,21,0,3,3,10,2,3,2,0,56
Bad,79,244,2,93,8,1,1,82,26,6,4,11,3,18,0,1,1,15,-8,4,1,0,86
Good,89,353,40,140,19,0,0,100,-7,7,8,19,0,11,0,0,0,7,-8,3,1,0,36
Good,76,128,3,47,32,0,0,100,-7,7,8,32,3,22,0,3,3,16,42,7,2,1,64
Bad,64,150,2,45,12,1,1,86,3,0,2,14,4,21,0,2,2,9,-8,4,1,-8,56
Bad,72,221,11,84,22,3,2,81,46,6,4,26,1,23,0,0,0,30,-8,5,1,0,70
Bad,58,39,4,22,12,0,0,83,6,4,6,12,3,8,0,3,3,45,100,6,1,1,88
Bad,80,131,19,66,7,0,0,100,-7,7,8,7,0,71,0,0,0,-8,74,1,2,-8,100
Bad,59,192,10,37,17,0,0,88,19,5,6,18,1,59,0,2,2,49,84,4,3,-8,78
Bad,62,282,13,99,24,4,3,70,18,6,3,31,0,26,0,0,0,29,-8,4,1,1,45
Bad,87,208,10,63,42,0,0,100,-7,7,8,42,2,26,0,0,0,9,70,5,3,0,56
Bad,52,132,13,62,21,1,1,86,5,4,2,22,0,32,0,1,1,41,90,10,2,1,80
Good,61,197,10,84,18,5,4,63,7,4,3,24,1,58,0,0,0,0,-8,1,1,-8,50
Good,82,295,16,108,18,0,0,100,-7,7,8,18,0,39,0,0,0,36,47,2,2,1,40
Good,88,164,12,90,19,0,0,100,-7,7,8,19,0,32,0,0,0,2,60,1,3,0,36
Bad,64,51,6,22,15,0,0,100,-7,5,8,24,3,25,0,0,0,61,84,10,3,1,100
Good,89,351,5,79,12,0,0,100,-7,7,8,12,2,58,0,0,0,4,85,2,3,0,83
Good,83,203,6,86,17,0,0,100,-7,7,8,17,2,47,0,0,0,12,70,2,3,1,63
Bad,81,152,25,83,8,0,0,100,-7,7,8,8,0,88,0,0,0,0,68,0,2,-8,67
Good,60,168,23,97,3,6,3,25,7,0,5,11,0,25,0,0,0,26,68,2,2,0,80
Good,66,176,7,61,24,0,0,92,0,4,6,24,1,33,0,0,0,18,92,4,2,1,58
Good,70,206,19,75,17,0,0,100,-7,7,8,18,0,28,0,1,1,58,-8,4,1,3,60
Bad,69,124,14,66,20,0,0,95,3,4,6,20,0,60,0,0,0,58,73,3,3,1,86
Bad,65,106,5,42,11,1,0,92,22,6,5,13,3,31,0,2,2,60,-8,4,1,1,83
Bad,60,141,50,94,13,2,2,73,4,4,6,15,0,27,0,0,0,61,-8,2,1,0,100
Good,76,208,22,100,22,0,0,100,-7,7,8,22,0,45,0,0,0,76,39,2,2,1,83
Bad,72,141,1,66,10,0,0,83,15,6,6,12,2,25,0,1,1,49,94,2,1,1,33
Bad,69,165,4,62,12,0,0,92,75,6,6,12,2,58,0,1,1,97,71,4,1,3,100
Bad,58,162,8,65,21,1,1,100,-7,0,8,22,1,33,0,1,1,44,54,4,3,1,78
Good,64,345,3,109,31,2,1,92,59,6,2,36,3,42,0,3,3,51,78,6,1,3,64
Good,82,340,1,87,45,0,0,100,-7,5,8,49,6,27,0,10,10,3,82,6,5,0,44
Good,67,37,5,19,18,0,0,100,-7,7,8,18,5,6,0,2,2,30,-8,10,1,1,65
Bad,66,190,2,73,25,5,5,88,63,6,2,35,3,59,0,2,2,94,121,4,4,1,100
Bad,63,115,4,54,20,2,1,91,47,0,5,24,2,50,0,1,1,52,75,4,2,1,88
Bad,76,182,0,89,41,0,0,100,-7,7,8,44,3,27,0,3,3,40,100,5,4,3,50
Bad,81,155,9,63,18,0,0,100,-7,7,8,19,2,28,0,2,2,3,-8,3,2,0,50
Good,57,155,0,42,32,0,0,97,0,4,6,34,10,18,0,1,1,40,90,7,4,1,50
Bad,58,184,7,66,39,9,2,85,22,0,5,57,3,44,0,3,3,95,78,5,4,3,100
Bad,78,174,2,98,18,0,0,95,-8,6,6,20,2,55,0,1,1,23,57,1,4,0,75
Good,73,337,4,110,6,2,0,67,26,6,5,9,2,67,0,1,1,-8,82,-8,3,-8,100
Bad,62,185,9,52,14,1,0,76,3,4,5,17,1,65,0,5,5,26,70,3,4,1,100
Good,72,188,4,57,36,0,0,97,34,6,6,36,5,56,0,3,3,6,60,2,13,0,65
Good,80,483,35,110,28,0,0,90,25,6,6,29,0,31,0,6,6,0,-8,3,1,0,44
Bad,74,155,11,68,18,0,0,91,7,4,6,23,2,26,0,0,0,1,-8,3,1,0,36
Bad,63,170,2,76,53,3,2,94,22,5,2,62,4,44,0,4,3,34,3,6,2,2,57
Bad,57,162,6,66,25,1,0,80,7,4,5,31,1,40,0,1,1,47,68,6,3,1,82
Bad,61,8,2,5,1,0,0,100,-7,7,8,2,2,50,0,2,2,92,-8,1,1,1,100
Bad,69,190,8,61,23,0,0,96,1,4,6,23,2,30,0,0,0,41,70,6,3,1,75
Good,64,88,8,38,3,1,1,75,72,6,3,4,1,75,0,0,0,120,91,1,3,-8,100
Bad,55,142,2,53,21,1,0,75,6,4,5,24,3,42,0,1,1,96,41,4,3,2,78
Good,78,297,5,71,21,0,0,95,-8,6,6,22,2,14,0,2,2,42,-8,2,-8,0,40
Bad,61,222,2,50,8,1,1,82,7,2,4,11,1,9,0,4,4,30,-8,5,-8,1,75
Good,52,195,4,86,12,5,3,61,2,4,4,19,1,67,0,2,2,25,82,1,4,0,71
Bad,76,104,8,64,11,1,1,92,79,6,2,12,1,42,0,0,0,12,-8,1,1,0,60
Good,82,292,6,89,33,0,0,100,-7,7,8,37,3,32,0,0,0,10,40,1,4,0,29
Bad,81,329,12,111,19,0,0,95,1,4,6,20,0,55,0,0,0,1,86,2,4,0,67
Good,71,141,13,52,19,1,1,95,-8,6,4,21,0,33,0,4,4,23,42,4,2,0,75
Bad,71,324,5,91,55,0,0,93,44,6,6,59,2,8,0,0,0,38,83,10,2,2,62
Good,88,152,25,75,16,0,0,100,-7,7,8,18,0,11,0,1,1,0,-8,3,1,0,50
Good,87,321,8,96,40,0,0,100,-7,7,8,41,2,10,0,1,0,2,-8,8,1,0,38
Bad,66,175,14,84,6,1,0,57,1,4,5,7,0,29,0,0,0,112,91,2,1,-8,80
Bad,61,105,8,53,44,1,0,89,6,4,5,45,3,36,0,7,7,39,60,5,4,1,64
Bad,82,163,4,71,25,0,0,100,-7,6,8,28,4,29,0,0,0,18,98,4,2,0,55
Bad,85,162,1,65,24,0,0,100,-7,7,8,27,8,26,0,4,4,1,-8,2,1,0,30
Bad,72,69,5,47,17,1,0,89,36,6,5,18,1,11,0,2,2,17,-8,9,1,0,71
Good,68,253,11,99,36,1,1,85,10,4,2,40,2,28,0,0,0,44,-8,9,1,1,63
Bad,68,117,8,60,31,0,0,100,-7,7,8,31,1,42,0,2,2,68,76,6,7,1,100
Bad,67,79,4,43,12,1,1,93,28,6,2,14,2,36,0,4,4,74,47,6,1,1,100
Bad,66,198,10,70,37,1,0,78,5,4,5,40,4,50,0,2,2,1,78,4,3,0,39
Good,68,248,10,89,25,1,1,93,37,6,6,29,2,36,0,2,2,44,-8,8,3,4,85
Bad,65,166,6,78,16,0,0,78,13,6,6,18,1,56,0,0,0,51,3,3,2,1,83
Bad,80,154,14,69,39,0,0,98,71,6,6,41,0,27,0,1,1,10,59,3,3,0,55
Good,60,429,29,155,13,1,0,94,2,3,2,16,0,25,0,0,0,4,-8,3,1,0,71
Good,65,227,3,90,24,4,4,100,-7,0,8,29,3,44,0,2,2,2,-8,2,5,0,47
Bad,66,157,18,42,16,0,0,100,-7,7,8,16,0,25,0,3,3,93,53,11,3,5,100
Bad,77,330,8,72,16,0,0,100,-7,7,8,16,3,56,0,0,0,0,-8,0,3,0,43
Bad,67,92,4,30,14,0,0,100,-7,7,8,14,3,29,0,1,1,44,95,6,2,1,82
Good,80,234,0,62,27,0,0,100,-7,7,8,35,4,26,0,3,3,22,-8,4,1,2,38
Good,75,422,1,91,55,0,0,100,-7,7,8,57,4,33,0,4,4,2,11,12,2,1,57
Good,73,188,2,58,23,0,0,100,-7,7,8,25,5,40,0,4,4,43,87,5,3,2,62
Good,84,411,23,91,10,0,0,100,-7,6,8,11,0,36,0,0,0,17,-8,2,-8,0,100
Good,75,221,6,43,58,0,0,100,-7,7,8,59,10,5,0,2,2,15,95,6,2,2,27
Bad,73,85,6,38,10,0,0,100,-7,7,8,10,2,50,0,1,1,81,-8,1,1,0,50
Bad,65,87,2,46,18,1,1,100,-7,7,8,20,3,16,0,4,4,39,-8,3,1,1,40
Bad,70,213,4,90,36,0,0,97,45,6,6,36,1,39,0,1,1,93,67,5,4,3,100
Good,65,305,8,93,25,3,2,85,36,6,4,28,1,33,0,2,2,70,-8,5,1,2,88
Good,91,428,22,132,9,0,0,100,-7,7,8,12,0,25,0,0,0,1,-8,2,1,0,80
Good,89,270,2,122,14,0,0,100,-7,7,8,15,1,33,0,1,1,2,-8,2,2,0,57
Bad,73,190,18,88,28,0,0,89,12,6,6,28,0,39,0,3,3,21,62,3,2,0,63
Good,68,310,3,96,33,1,1,97,68,6,2,34,4,26,0,4,4,73,89,6,4,3,71
Bad,71,83,11,46,22,0,0,95,8,4,6,22,2,14,0,1,1,34,-8,3,2,0,71
Good,86,333,6,93,32,0,0,100,-7,7,8,32,3,22,0,0,0,6,-8,6,2,0,44
Bad,81,146,16,63,3,0,0,100,-7,7,8,3,0,67,0,1,0,-8,86,-8,2,-8,100
Good,74,340,4,126,49,0,0,96,-8,6,6,51,4,29,0,2,2,28,-8,12,1,2,74
Bad,69,80,7,46,6,3,2,75,50,6,4,9,2,50,0,1,0,30,93,1,2,0,75
Good,86,130,9,49,17,0,0,100,-7,7,8,17,1,24,0,0,0,7,132,1,4,0,50
Good,86,166,2,77,9,0,0,100,-7,6,8,10,1,40,0,5,5,7,-8,1,1,0,33
Bad,64,460,3,130,23,0,0,96,0,4,6,23,6,9,0,0,0,34,92,7,1,3,67
Good,77,126,3,66,55,0,0,100,-7,7,8,58,2,41,0,0,0,59,67,4,6,1,91
Bad,73,107,10,70,20,0,0,95,-8,6,6,21,1,86,0,4,4,81,93,2,3,2,83
Bad,74,202,23,68,27,0,0,93,7,4,6,27,0,30,0,0,0,16,48,3,3,0,46
Bad,62,80,2,47,24,0,0,96,59,6,6,25,1,48,0,0,0,73,113,5,5,2,91
Bad,67,69,3,43,6,3,1,50,10,4,4,10,1,60,0,5,3,27,101,1,2,0,60
Bad,70,112,7,51,27,1,0,96,79,5,5,28,3,36,0,0,0,49,85,7,3,2,83
Bad,58,80,27,62,11,2,1,83,33,6,5,13,0,50,0,1,1,82,42,3,3,2,100
Good,86,199,1,83,17,0,0,100,-7,7,8,19,3,37,0,2,2,1,21,1,3,1,33
Bad,63,380,3,94,20,2,2,100,-7,0,8,20,3,50,0,7,7,37,35,5,2,1,78
Bad,56,239,3,98,12,0,0,75,1,4,6,12,1,25,0,3,3,69,82,7,3,2,100
Bad,69,57,19,34,4,2,2,67,35,6,3,6,0,33,0,4,4,-8,-8,1,-8,-8,100
Good,61,282,2,86,40,1,1,95,1,0,2,42,4,14,0,3,3,40,100,8,2,2,55
Bad,66,244,1,69,15,1,1,94,-7,5,7,18,4,59,0,0,0,61,96,1,3,-8,80
Good,88,393,16,158,15,0,0,100,-7,7,8,16,0,13,0,0,0,9,-8,3,1,0,50
Bad,59,128,11,55,11,1,1,75,4,0,2,12,1,25,0,0,0,20,91,3,2,0,71
Bad,80,262,0,72,22,0,0,100,-7,7,8,24,1,17,0,1,1,20,74,5,1,2,38
Good,85,141,6,78,10,0,0,91,77,6,6,12,1,27,0,3,3,1,-8,1,1,0,50
Good,57,153,13,53,17,0,0,88,6,4,6,17,0,18,0,0,0,86,-8,4,1,3,71
Bad,74,197,1,93,31,1,0,86,29,6,5,35,3,26,0,2,2,28,27,2,4,0,40
Bad,54,316,15,116,16,3,1,57,3,2,4,21,0,14,0,2,2,28,-8,4,-8,0,50
Good,83,296,43,128,8,0,0,100,-7,7,8,8,0,38,0,1,1,10,84,2,1,0,50
Bad,60,141,5,66,12,7,5,59,19,6,3,18,4,35,0,3,3,22,-8,2,-8,0,50
Good,63,132,6,74,12,1,0,86,5,4,5,14,1,43,0,0,0,74,48,3,2,2,75
Bad,69,51,4,20,6,2,2,86,54,6,2,9,3,43,0,3,3,48,71,3,2,0,100
Good,66,189,5,101,16,5,4,71,62,6,2,22,1,29,0,2,2,37,-8,6,1,2,100
Bad,77,292,8,84,20,0,0,100,-7,7,8,20,1,70,0,4,4,51,57,3,3,1,78
Bad,63,112,4,54,17,1,1,89,21,6,2,19,1,37,0,0,0,72,97,7,3,4,91
Bad,65,111,19,63,23,1,1,92,25,6,2,25,0,64,0,4,4,72,114,1,8,0,90
Bad,67,126,1,40,9,1,1,100,-7,7,8,11,4,30,0,1,1,36,50,2,2,0,50
Bad,71,200,8,74,35,0,0,97,38,6,6,39,3,56,0,0,0,82,92,4,6,3,91
Bad,66,59,9,40,7,0,0,86,16,6,6,7,1,71,0,0,0,0,64,0,4,-8,67
Bad,67,250,6,103,26,0,0,88,1,4,6,26,1,35,0,0,0,79,60,4,2,2,75
Bad,60,110,25,53,1,1,0,67,7,4,5,4,0,67,0,6,6,-8,-8,-8,-8,-8,-8
Bad,66,187,4,38,18,1,0,95,62,6,5,22,5,36,0,4,4,46,79,6,4,1,92
Bad,56,91,16,54,4,6,2,27,12,6,3,11,0,55,0,8,8,104,86,2,1,1,100
Bad,55,152,66,113,13,7,6,65,4,0,2,23,0,22,0,1,1,56,-8,2,1,2,57
Bad,73,188,2,83,18,1,1,95,29,6,2,22,1,27,0,11,11,30,-8,4,2,0,67
Bad,70,43,4,21,11,0,0,100,-7,7,8,13,4,38,0,3,3,64,98,4,3,1,88
Bad,66,202,9,82,23,2,2,96,0,4,6,26,1,17,0,0,0,33,70,7,3,0,63
Good,68,86,2,32,26,0,0,100,-7,7,8,28,5,25,0,4,4,22,92,5,3,0,57
Good,70,206,9,108,30,3,3,97,-8,6,6,34,1,66,0,1,1,0,50,1,2,-8,80
Bad,72,78,10,44,12,1,1,92,55,6,3,13,1,15,0,0,0,58,-8,3,1,0,86
Bad,60,12,5,9,2,0,0,100,-7,7,8,2,1,100,0,6,5,-8,97,-8,2,-8,100
Bad,66,138,6,75,42,0,0,100,-7,5,8,46,2,46,0,1,1,89,92,6,2,2,100
Good,64,150,8,48,23,0,0,96,23,6,6,23,2,61,0,2,2,65,96,2,6,1,73
Bad,67,144,9,60,18,0,0,95,6,4,6,20,3,25,0,3,1,70,91,3,2,2,83
Good,67,83,2,36,30,0,0,97,25,6,6,32,8,44,0,3,3,39,89,4,8,0,80
Bad,73,201,16,108,13,0,0,93,12,6,6,14,0,21,0,0,0,47,77,6,2,1,89
Bad,58,108,4,49,11,2,1,57,6,4,2,14,3,71,0,4,3,0,74,1,4,-8,83
Bad,84,73,6,40,6,0,0,100,-7,7,8,6,1,67,0,1,1,1,91,1,2,0,100
Good,89,344,6,137,19,0,0,100,-7,7,8,20,1,25,0,1,1,10,-8,3,2,0,63
Bad,54,336,13,93,17,1,1,89,4,2,4,18,0,33,0,4,4,65,53,4,2,2,75
Good,70,37,13,22,9,0,0,100,-7,5,8,9,0,11,0,0,0,39,-8,5,1,1,67
Bad,60,264,22,53,10,2,2,100,-7,0,8,12,0,40,0,1,1,92,63,4,2,2,86
Good,74,156,2,51,14,0,0,100,-7,7,8,15,3,47,0,4,4,31,69,3,2,0,83
Good,67,255,1,104,41,6,6,88,12,6,6,48,1,21,0,1,1,30,59,3,4,1,39
Bad,72,290,0,59,21,2,2,92,26,6,6,26,5,35,0,10,9,2,82,4,6,0,58
Bad,70,315,3,108,7,2,1,80,48,6,4,10,2,30,0,2,2,94,-8,2,1,1,100
Good,76,111,1,50,20,0,0,95,79,6,6,22,3,45,0,1,1,25,83,2,3,1,63
Bad,62,265,14,104,28,6,1,67,16,5,5,40,0,44,0,4,4,78,77,5,2,1,78
Good,75,351,13,155,25,0,0,100,-7,6,7,25,0,16,0,0,0,56,-8,7,1,2,60
Bad,57,71,4,32,24,0,0,92,9,4,6,24,4,46,0,2,2,53,83,5,6,2,87
Bad,66,205,2,43,10,0,0,100,-7,7,8,11,3,64,0,3,3,100,53,2,4,2,100
Good,79,161,16,92,18,0,0,100,-7,7,8,20,0,40,-7,0,0,65,71,3,2,2,83
Good,79,81,6,46,24,0,0,100,-7,7,8,24,1,25,-7,4,4,13,-8,2,1,0,43
Good,88,112,16,61,16,0,0,100,-7,7,8,16,0,13,-7,0,0,7,-8,2,1,0,60
Good,90,182,4,129,15,0,0,100,-7,7,8,17,1,29,-7,1,1,0,98,0,2,0,40
Good,72,88,8,70,19,2,2,95,49,6,2,20,1,10,-7,0,0,0,-8,0,-8,0,9
Good,61,113,20,54,3,5,5,50,29,5,2,6,0,67,-7,0,0,-8,10,-8,2,-8,100
Bad,75,181,2,69,15,0,0,100,-7,7,8,16,2,50,-7,3,3,56,78,6,4,2,91
Good,56,308,7,98,23,8,7,75,12,0,2,28,1,46,-7,5,5,5,37,1,2,-8,43
Bad,65,182,2,50,18,1,0,90,6,3,5,21,5,57,-7,8,7,58,88,4,3,0,88
Good,85,160,20,55,27,0,0,100,-7,7,8,28,0,22,-7,2,2,11,-8,3,1,0,50
Bad,88,138,2,71,21,0,0,100,-7,7,8,24,3,33,-7,0,0,4,-8,2,1,0,75
Good,72,155,7,71,46,1,1,100,-7,7,8,48,1,38,-7,5,5,7,82,5,5,0,53
Bad,69,72,3,48,14,1,0,87,20,6,5,15,2,7,-7,1,1,29,-8,5,1,0,58
Bad,69,188,3,54,9,1,0,80,9,4,5,11,1,70,-7,2,2,-8,115,-8,3,-8,100
Bad,59,123,4,66,32,1,1,88,6,4,6,32,2,31,-7,0,0,36,76,5,4,2,56
Good,73,182,15,72,17,2,2,89,14,6,2,20,0,37,-7,4,4,8,28,3,2,0,83
Good,73,163,14,62,14,1,1,100,-7,6,8,15,0,60,-7,2,2,17,66,1,3,-8,80
Bad,63,242,2,68,25,0,0,100,-7,7,8,26,1,19,-7,3,3,73,-8,12,1,5,87
Good,89,257,10,153,27,0,0,100,-7,7,8,28,1,29,-7,2,2,1,57,4,1,0,38
Good,86,172,14,126,20,0,0,100,-7,7,8,21,0,43,-7,0,0,30,66,1,2,0,75
Bad,65,177,17,96,6,0,0,43,5,4,6,7,0,57,-7,1,1,31,76,1,2,-8,100
Bad,65,115,8,55,7,2,2,78,67,5,2,9,1,56,-7,0,0,78,77,2,1,1,75
Bad,59,80,3,40,12,1,1,85,2,4,3,13,2,69,-7,2,2,46,74,2,4,-8,100
Bad,63,149,13,49,17,1,1,100,-7,7,8,17,0,6,-7,2,2,58,-8,7,1,3,57
Bad,59,255,14,147,16,1,1,89,1,4,2,19,0,42,-7,1,1,59,-8,2,2,0,100
Bad,63,79,10,30,10,0,0,100,-7,7,8,10,1,30,-7,0,0,88,70,4,2,2,100
Bad,78,191,51,120,8,1,0,50,10,4,5,12,0,25,-7,1,1,0,-8,1,1,0,50
Good,72,212,2,57,16,0,0,100,-7,7,8,17,2,35,-7,0,0,69,52,5,3,4,67
Bad,61,128,11,60,11,4,3,73,42,6,2,15,1,60,-7,3,3,47,91,1,5,0,86
Good,71,124,6,64,25,0,0,96,-7,5,7,27,2,19,-7,1,1,49,-8,5,1,1,50
Good,82,225,9,86,41,0,0,98,32,6,6,45,1,38,-7,0,0,19,76,2,3,0,78
Bad,63,75,11,50,31,1,0,97,17,6,5,32,1,22,-7,2,2,18,-8,9,1,1,69
Bad,62,194,13,96,19,2,2,80,6,4,2,20,0,30,-7,3,0,92,-8,8,1,4,91
Good,77,191,8,97,11,0,0,86,45,6,6,14,1,50,-7,0,0,43,-8,2,1,0,100
Bad,62,171,5,92,52,1,0,90,4,3,5,58,2,47,-7,0,0,28,32,7,7,0,78
Bad,72,73,11,36,7,0,0,100,-7,7,8,7,1,57,-7,1,1,45,63,1,3,1,80
Good,60,-8,8,88,55,0,0,95,10,4,6,59,3,34,-7,1,1,54,59,6,4,3,61
Good,85,168,9,72,41,0,0,100,-7,6,7,44,1,41,-7,2,2,3,56,3,2,0,42
Good,82,212,22,115,14,0,0,100,-7,7,8,15,0,33,-7,0,0,45,-8,4,2,0,75
Good,84,200,4,103,27,0,0,100,-7,7,8,29,1,21,-7,3,3,7,92,2,2,1,55
Bad,75,312,5,78,26,1,1,100,-7,7,8,26,4,31,-7,4,4,10,36,3,2,0,56
Good,67,74,2,35,12,0,0,92,10,4,6,13,3,31,-7,7,7,23,-8,5,1,0,75
Bad,56,120,5,54,31,1,1,97,7,4,6,36,2,54,-7,1,1,65,67,7,4,2,69
Bad,62,42,2,23,12,0,0,86,12,5,6,14,3,21,-7,3,3,43,81,7,2,0,90
Bad,57,246,3,78,16,2,2,94,9,4,6,24,2,31,-7,0,0,85,39,6,2,3,89
Bad,70,148,2,79,18,0,0,90,26,6,6,21,1,38,-7,3,2,38,100,2,2,2,63
Bad,59,15,4,9,8,0,0,100,-7,7,8,8,6,25,-7,1,1,66,83,2,2,2,63
Bad,71,183,7,62,6,1,1,86,73,6,3,7,2,29,-7,2,2,73,-8,4,-8,2,100
Bad,65,249,13,134,8,10,9,57,6,4,2,14,0,57,-7,2,2,0,88,0,1,-8,67
Bad,62,134,1,68,43,1,1,98,2,1,3,48,5,19,-7,0,0,17,66,3,2,1,29
Bad,70,62,1,31,24,0,0,100,-7,7,8,28,6,29,-7,12,12,34,88,3,8,1,85
Bad,83,108,11,58,19,0,0,90,12,6,6,20,1,5,-7,0,0,0,-8,2,1,0,50
Good,84,169,14,81,20,0,0,100,-7,7,8,20,0,35,-7,1,1,17,-8,1,4,0,56
Good,78,134,15,44,7,0,0,100,-7,7,8,7,0,57,-7,0,0,-8,-8,-8,1,-8,100
Bad,75,31,8,15,5,0,0,100,-7,7,8,5,3,20,-7,1,1,12,-8,3,1,0,100
Bad,69,140,4,60,21,0,0,100,-7,7,8,22,5,55,-7,3,3,70,-8,6,1,1,88
Good,75,197,7,55,14,0,0,100,-7,7,8,14,1,36,-7,0,0,70,45,3,2,1,100
Good,85,336,11,124,17,0,0,100,-7,7,8,17,1,35,-7,0,0,1,87,2,2,0,44
Bad,70,214,21,148,16,7,7,88,15,0,6,17,0,35,-7,0,0,28,-8,4,1,0,63
Good,73,164,17,87,20,1,0,91,23,6,5,22,0,50,-7,2,2,35,-8,2,1,0,43
Good,86,236,2,71,25,0,0,100,-7,7,8,30,3,33,-7,1,1,12,88,4,2,0,60
Bad,57,291,4,103,9,4,2,43,1,0,2,14,1,14,-7,6,6,43,-8,3,1,1,67
Good,86,193,8,73,25,0,0,100,-7,7,8,25,3,32,-7,1,1,3,-8,3,1,0,50
Good,77,170,10,84,25,0,0,100,-7,7,8,26,1,12,-7,2,2,58,46,3,1,2,50
Good,77,267,1,89,33,0,0,94,45,6,6,35,4,29,-7,0,0,4,47,7,2,1,50
Bad,86,140,2,67,53,0,0,100,-7,7,8,55,3,16,-7,4,3,5,57,2,2,0,29
Bad,69,66,8,32,14,1,1,93,9,0,2,15,4,53,-7,0,0,9,86,2,3,1,78
Good,88,238,5,71,16,0,0,100,-7,7,8,20,2,45,-7,3,3,7,-8,3,-8,0,50
Bad,65,250,3,70,25,2,1,96,22,6,5,26,2,35,-7,4,4,45,53,7,3,0,83
Bad,67,194,2,75,24,0,0,100,-7,7,8,27,1,41,-7,1,1,87,100,9,2,6,85
Bad,63,137,5,70,10,4,4,92,6,0,2,13,1,75,-7,1,1,68,90,1,3,0,100
Bad,58,22,2,8,4,0,0,100,-7,7,8,6,5,50,-7,2,2,101,76,1,3,1,100
Bad,74,181,1,65,61,0,0,100,-7,6,7,65,5,35,-7,0,0,12,80,9,6,2,58
Good,89,184,9,126,20,0,0,100,-7,7,8,22,1,18,-7,2,2,7,-8,2,-8,0,33
Good,73,103,20,70,6,0,0,71,48,6,6,7,0,29,-7,0,0,34,-8,1,-8,0,100
Bad,65,35,10,19,6,0,0,100,-7,7,8,6,2,17,-7,3,3,76,-8,5,1,2,100
Bad,58,136,16,63,23,0,0,83,9,4,6,24,0,54,-7,0,0,75,84,3,2,2,83
Good,82,235,24,123,30,0,0,100,-7,6,7,32,0,38,-7,0,0,36,-8,3,1,0,100
Bad,57,129,29,74,12,17,16,30,6,1,3,30,0,73,-7,0,0,26,47,2,9,0,92
Good,82,165,3,61,50,0,0,100,-7,7,8,51,4,47,-7,3,2,18,62,3,9,0,75
Bad,75,234,6,104,31,0,0,97,18,6,6,34,3,18,-7,2,2,44,-8,4,1,3,50
Bad,72,111,6,79,9,2,2,92,23,5,2,24,1,67,-7,0,0,39,-8,4,-8,2,83
Bad,61,254,14,112,13,0,0,94,7,4,6,16,0,44,-7,4,3,63,77,5,5,3,91
Bad,73,136,18,63,36,0,0,100,-7,7,8,36,0,19,-7,0,0,38,-8,14,1,3,79
Good,87,195,70,207,20,0,0,100,-7,7,8,21,0,29,-7,0,0,11,-8,2,-8,0,50
Good,71,167,31,84,21,0,0,96,37,6,6,23,0,13,-7,0,0,55,-8,5,1,3,60
Good,74,225,5,95,32,0,0,94,19,6,6,32,2,56,-7,1,1,41,90,6,5,0,92
Bad,69,198,3,111,21,1,1,100,-7,0,8,23,3,26,-7,1,1,5,-8,2,2,0,57
Bad,56,34,15,27,2,2,2,67,38,6,2,3,0,100,-7,0,0,-8,47,-8,2,-8,100
Bad,56,53,18,114,3,1,1,75,0,0,2,4,0,0,-7,0,0,101,-8,4,-8,2,100
Bad,73,251,3,105,33,0,0,85,26,6,6,33,3,24,-7,0,0,22,-8,7,1,0,53
Bad,70,88,7,42,14,1,1,93,25,6,2,16,2,67,-7,2,2,38,63,2,5,-8,88
Bad,55,47,7,23,13,0,0,77,7,4,6,13,2,62,-7,0,0,93,91,2,3,2,75
Good,85,140,6,84,14,0,0,100,-7,7,8,14,1,29,-7,0,0,6,62,2,2,0,57
Bad,80,93,5,45,6,0,0,100,-7,7,8,6,2,50,-7,9,7,7,83,1,1,0,67
Good,87,205,20,102,14,0,0,100,-7,7,8,18,0,56,-7,0,0,5,74,2,2,0,67
Good,89,235,9,94,22,0,0,100,-7,7,8,25,1,16,-7,0,0,8,-8,3,-8,0,43
Good,80,248,9,141,27,0,0,100,-7,7,8,30,1,30,-7,1,1,23,91,2,3,1,56
Bad,83,92,2,41,18,0,0,100,-7,7,8,19,7,32,-7,0,0,13,92,7,2,0,69
Good,71,96,32,60,9,1,1,100,-7,6,7,9,0,11,-7,0,0,48,-8,2,-8,0,100
Bad,58,74,9,28,14,0,0,93,6,4,6,15,1,67,-7,3,3,88,44,2,5,2,78
Good,72,117,1,49,9,0,0,100,-7,7,8,11,4,27,-7,0,0,55,-8,5,1,2,86
Good,89,261,11,105,60,0,0,100,-7,7,8,64,1,27,-7,0,0,0,-8,3,3,0,21
Good,63,193,3,66,24,0,0,83,7,4,6,24,2,8,-7,0,0,70,100,5,1,2,78
Good,88,161,38,66,11,0,0,100,-7,7,8,12,0,25,-7,0,0,7,-8,1,-8,0,33
Good,69,77,3,44,18,3,1,85,25,6,5,21,3,10,-7,1,1,1,97,3,1,0,33
Bad,65,190,12,73,19,2,1,91,34,6,3,22,0,59,-7,1,1,92,85,4,4,3,89
Bad,79,255,14,99,29,0,0,97,-8,6,6,33,0,67,-7,0,0,70,60,2,3,0,71
Good,76,333,8,145,15,1,1,94,70,6,4,16,2,19,-7,4,4,32,-8,2,-8,0,50
Good,72,194,2,100,43,0,0,100,-7,7,8,48,1,29,-7,0,0,34,61,8,3,3,72
Good,72,156,12,48,10,0,0,90,79,6,6,10,0,30,-7,2,2,41,65,4,1,0,86
Good,62,437,10,154,15,1,0,67,4,4,5,18,1,11,-7,1,1,27,-8,7,1,1,69
Good,72,174,4,96,8,1,1,70,53,6,4,10,1,50,-7,2,2,33,-8,2,1,0,75
Bad,76,152,2,65,26,0,0,97,-7,5,7,29,4,34,-7,4,4,25,56,6,5,0,81
Bad,61,143,4,103,2,2,2,25,35,6,2,4,1,50,-7,2,2,-8,-8,-8,1,-8,100
Bad,72,164,2,67,38,0,0,100,-7,7,8,42,8,19,-7,1,1,55,-8,7,-8,3,67
Good,85,192,2,86,25,0,0,100,-7,7,8,29,2,41,-7,1,1,28,68,2,3,0,63
Bad,74,193,1,91,19,0,0,100,-7,7,8,22,2,18,-7,1,1,90,79,6,2,4,73
Good,75,189,7,61,27,2,0,90,22,6,5,29,2,62,-7,0,0,0,110,1,6,0,70
Bad,68,220,3,87,13,2,1,75,36,6,2,16,1,75,-7,4,4,0,62,0,2,-8,40
Good,76,186,1,83,21,0,0,96,11,4,6,25,4,28,-7,2,2,12,-8,3,-8,0,44
Good,85,132,7,62,29,0,0,100,-7,6,7,29,2,21,-7,0,0,1,79,3,3,0,67
Bad,87,-8,18,102,11,0,0,100,-7,7,8,11,0,9,-7,0,0,47,6,1,1,0,50
Good,85,177,2,84,30,0,0,100,-7,7,8,35,1,33,-7,2,2,12,74,2,5,0,47
Bad,63,163,7,42,17,1,1,89,25,6,2,20,3,44,-7,0,0,58,87,4,4,2,100
Good,82,240,4,103,23,0,0,92,28,6,6,26,3,50,-7,1,1,9,88,2,2,0,50
Bad,66,207,20,100,33,0,0,91,5,4,6,33,0,39,-7,0,0,51,81,9,2,2,79
Bad,71,276,5,60,13,1,1,100,-7,6,8,13,1,46,-7,1,1,24,-8,3,1,0,57
Good,79,120,1,51,28,0,0,97,-8,6,6,29,3,45,-7,5,5,27,96,2,3,0,71
Good,75,129,3,70,22,0,0,96,44,6,6,23,3,13,-7,1,1,47,11,3,2,0,71
Good,88,228,16,70,22,0,0,100,-7,7,8,22,0,41,-7,0,0,0,-8,1,2,0,38
Good,88,242,14,101,64,0,0,100,-7,7,8,69,0,23,-7,0,0,2,15,2,3,0,26
Bad,67,123,8,53,17,0,0,94,-8,6,6,18,2,39,-7,1,1,53,39,6,3,2,82
Bad,59,153,18,89,31,2,0,79,0,4,5,38,0,24,-7,0,0,61,23,9,2,2,79
Bad,76,134,11,67,28,0,0,100,-7,7,8,28,1,21,-7,0,0,62,14,3,2,1,83
Bad,67,158,2,47,28,0,0,100,-7,6,7,29,2,45,-7,1,1,42,69,7,5,5,67
Bad,65,146,7,58,29,1,1,97,-8,6,6,33,1,39,-7,5,5,7,88,1,2,0,33
Bad,65,188,6,112,14,0,0,87,2,4,6,15,1,53,-7,0,0,91,78,2,2,1,100
Bad,78,225,25,114,31,0,0,100,-7,7,8,33,0,30,-7,1,1,56,21,7,3,2,73
Bad,60,60,13,27,6,0,0,88,2,4,6,8,0,63,-7,4,4,60,92,1,3,-8,80
Good,86,202,9,68,21,0,0,100,-7,7,8,21,1,29,-7,0,0,0,-8,0,2,0,25
Good,83,54,8,24,5,0,0,100,-7,7,8,6,2,50,-7,0,0,5,39,1,2,0,100
Bad,84,184,32,97,25,0,0,96,45,6,6,25,0,32,-7,0,0,0,-8,0,1,-8,33
Good,69,73,4,34,9,1,1,100,-7,6,8,9,2,44,9,0,0,32,84,3,3,1,86
Bad,72,195,28,90,22,0,0,100,-7,7,8,22,0,14,8,0,0,48,-8,9,-8,4,69
Bad,65,193,1,59,6,2,2,100,-7,6,8,7,1,0,1,4,3,75,-8,2,-8,1,50
Good,86,205,5,98,30,0,0,100,-7,7,8,31,3,10,8,0,0,5,3,3,2,0,40
Bad,68,210,3,68,25,0,0,100,-7,7,8,26,3,31,3,2,2,65,97,8,2,5,67
Good,90,230,9,84,26,0,0,100,-7,7,8,28,2,57,9,0,0,1,85,1,3,0,44
Bad,83,256,28,100,31,0,0,100,-7,7,8,34,0,26,21,0,0,14,-8,3,2,1,56
Good,68,214,3,78,8,1,0,89,9,3,5,9,2,22,-8,0,0,43,-8,3,1,1,67
Good,89,222,12,136,20,0,0,100,-7,7,8,22,0,36,20,0,0,0,-8,0,1,0,17
Bad,62,98,4,60,24,0,0,84,3,4,6,25,1,32,7,0,0,75,96,3,2,1,56
Bad,63,173,11,89,36,0,0,97,49,6,6,36,1,3,0,1,1,86,-8,13,1,11,78
Bad,80,250,5,92,40,0,0,100,-7,7,8,42,3,17,0,2,2,19,-8,7,1,1,45
Good,80,220,28,79,25,0,0,100,-7,7,8,29,0,41,16,0,0,51,49,4,5,1,69
Good,87,220,22,143,28,0,0,100,-7,7,8,30,0,27,-8,0,0,13,-8,4,1,0,71
Bad,-9,24,24,24,1,3,3,100,-7,0,8,1,0,100,3,1,1,-8,-8,-8,-8,-8,-8
Good,84,166,7,92,10,0,0,100,-7,7,8,10,1,40,6,0,0,44,83,2,2,0,80
Bad,64,90,3,44,31,0,0,100,-7,7,8,34,1,38,6,1,1,50,87,9,4,5,93
Bad,76,210,1,108,57,0,0,100,-7,7,8,61,3,56,0,4,4,51,51,7,9,4,84
Good,79,121,18,75,22,1,0,96,70,6,5,24,0,58,19,0,0,7,42,2,2,0,44
Good,66,128,7,63,48,1,0,93,23,6,5,55,6,40,1,2,1,39,77,7,2,1,77
Bad,84,325,2,107,13,0,0,100,-7,7,8,14,2,29,1,1,1,19,98,4,3,0,70
Bad,60,80,7,33,6,1,1,71,30,6,4,7,1,43,6,0,0,92,-8,2,1,-8,100
Good,76,432,14,115,24,0,0,96,7,4,6,24,0,21,0,4,4,13,-8,7,2,0,63
Bad,56,44,2,24,12,3,2,88,11,4,3,17,4,29,0,11,11,9,96,1,3,1,33
Good,68,177,2,70,32,0,0,97,16,6,6,46,2,60,1,2,2,85,-8,5,12,5,100
Good,81,161,2,93,22,1,0,96,73,6,5,24,2,50,5,0,0,3,-8,2,2,1,50
Good,70,142,2,56,17,1,0,89,34,6,5,19,2,37,2,1,1,52,63,4,3,2,67
Bad,57,192,5,75,35,0,0,89,5,4,6,37,5,41,5,0,0,81,92,6,2,2,90
Good,84,166,5,66,27,0,0,100,-7,7,8,29,2,28,2,1,1,10,86,4,3,0,88
Good,79,132,6,62,22,0,0,100,-7,7,8,24,3,21,-8,0,0,56,-8,3,-8,0,50
Bad,83,182,18,89,8,0,0,100,-7,7,8,8,0,13,0,4,4,28,-8,1,-8,0,20
Bad,71,172,5,74,18,0,0,95,52,6,6,19,3,16,4,1,1,55,36,4,2,2,89
Bad,66,188,5,77,7,1,0,75,48,6,5,8,1,25,5,0,0,99,-8,1,-8,-8,100
Bad,67,226,33,128,4,3,3,83,15,6,6,6,0,50,0,2,2,0,-8,0,1,-8,50
Good,81,194,11,91,17,0,0,100,-7,7,8,17,1,41,3,2,2,79,50,1,1,1,100
Good,80,158,7,58,25,0,0,100,-7,6,7,26,1,19,13,0,0,19,80,2,2,1,50
Good,65,192,6,79,22,3,2,78,44,6,2,27,3,26,8,1,0,59,80,7,2,2,90
Good,72,242,6,68,15,0,0,87,5,4,6,16,1,73,7,0,0,0,8,0,2,0,50
Good,83,241,40,213,26,0,0,100,-7,7,8,27,0,26,5,0,0,32,-8,5,1,1,75
Good,86,255,3,90,25,0,0,96,59,6,6,26,2,46,8,0,0,1,85,3,2,0,42
Bad,68,27,0,15,12,0,0,100,-7,7,8,13,5,31,0,6,5,14,72,3,3,0,67
Good,80,186,4,83,29,0,0,100,-7,7,8,30,3,23,11,0,0,35,-8,5,1,1,50
Good,86,348,11,109,20,0,0,100,-7,7,8,20,1,40,8,0,0,4,82,3,3,0,86
Bad,75,258,2,79,21,1,1,96,41,6,2,24,4,29,2,1,1,3,62,2,2,0,45
Good,88,166,17,84,12,0,0,100,-7,7,8,12,0,17,13,0,0,0,-8,0,1,0,25
Good,89,431,12,119,23,0,0,100,-7,7,8,23,0,43,12,0,0,6,32,4,3,0,54
Bad,65,206,5,68,30,0,0,97,6,4,6,68,1,39,1,1,1,63,73,6,3,1,100
Good,78,221,4,108,13,0,0,100,-7,7,8,15,1,40,3,4,4,90,-8,2,2,2,80
Good,83,107,3,60,24,0,0,100,-7,7,8,24,3,42,3,1,1,28,95,1,3,0,80
Bad,60,123,5,52,13,4,3,73,8,0,2,15,3,33,6,0,0,26,-8,2,1,0,50
Good,66,43,4,24,21,0,0,100,-7,7,8,21,5,33,0,5,5,37,83,4,2,1,58
Bad,67,109,25,72,8,0,0,75,2,4,6,8,0,13,4,1,1,26,-8,1,1,0,67
Bad,67,199,3,84,24,1,1,100,-7,6,8,24,2,33,0,1,1,81,85,3,3,3,86
Good,88,422,13,127,23,0,0,100,-7,7,8,24,0,17,0,2,2,2,-8,2,1,0,38
Bad,87,178,3,91,22,0,0,100,-7,7,8,24,2,29,2,6,6,7,68,2,2,0,44
Bad,64,146,5,45,19,0,0,95,-7,5,7,20,3,10,2,2,2,84,-8,13,1,4,100
Good,81,232,23,163,13,1,1,93,45,6,2,14,0,36,23,0,0,0,-8,1,1,0,50
Bad,78,228,19,90,31,0,0,97,25,6,6,34,0,12,-8,0,0,24,-8,8,1,0,82
Good,68,172,3,74,23,1,0,92,5,3,5,28,4,28,2,2,2,6,98,1,2,0,25
Bad,84,212,11,82,13,0,0,87,55,6,6,15,1,47,10,0,0,5,-8,1,1,0,67
Bad,64,199,4,70,32,2,1,91,7,4,2,34,3,53,11,0,0,54,100,1,3,1,57
Bad,62,104,2,49,21,0,0,100,-7,7,8,24,2,26,1,3,3,67,13,7,2,3,60
Bad,90,214,9,110,20,0,0,100,-7,7,8,22,2,9,-8,0,0,6,-8,2,-8,0,25
Good,77,215,3,80,17,0,0,89,22,6,6,18,2,11,0,4,4,2,-8,3,1,0,33
Bad,54,266,5,99,54,0,0,96,11,4,6,56,2,43,2,3,3,58,67,12,6,3,69
Good,86,168,1,68,32,0,0,100,-7,7,8,47,5,30,4,2,2,5,-8,3,2,0,36
Bad,60,73,8,74,10,0,0,50,7,4,6,10,1,30,8,0,0,36,-8,2,-8,1,29
Good,88,170,3,87,14,0,0,100,-7,7,8,15,1,29,2,1,1,1,97,1,2,0,67
Good,87,441,2,103,22,0,0,100,-7,7,8,23,3,48,3,2,2,3,83,1,3,0,33
Bad,78,95,2,46,30,0,0,100,-7,7,8,32,3,44,7,0,0,32,110,2,6,0,67
Good,72,179,2,57,30,0,0,100,-7,7,8,31,2,42,2,1,1,50,91,7,4,3,73
Good,93,280,13,121,6,0,0,100,-7,7,8,6,0,50,13,0,0,0,-8,0,1,0,33
Bad,79,202,2,74,29,0,0,93,72,6,6,30,3,13,0,2,2,7,85,5,2,0,58
Bad,58,247,2,62,30,0,0,94,1,4,6,32,4,34,9,0,0,62,70,5,2,2,89
Good,64,281,13,91,54,3,3,93,7,4,3,60,0,32,4,2,2,35,72,4,3,2,41
Good,76,217,14,83,23,0,0,100,-7,7,8,26,0,22,11,0,0,17,51,10,3,2,81
Good,83,167,16,69,38,1,0,98,66,6,5,40,0,40,-8,0,0,9,-8,3,1,0,36
Good,72,262,2,82,32,0,0,100,-7,7,8,34,5,35,2,1,1,93,99,8,3,4,92
Good,80,70,5,32,13,0,0,93,56,6,6,14,1,36,4,1,1,9,83,1,2,0,43
Bad,57,321,2,75,11,0,0,75,8,4,6,12,1,17,1,1,1,102,-8,6,1,5,100
Bad,72,172,15,76,5,1,1,100,-7,6,8,5,0,20,2,1,1,39,-8,2,-8,0,100
Good,85,140,13,81,12,0,0,92,82,6,6,13,0,38,12,0,0,1,93,1,2,0,50
Good,73,200,2,74,70,0,0,99,39,6,6,71,4,66,1,8,8,9,94,4,9,0,82
Bad,80,347,8,76,24,0,0,100,-7,7,8,26,2,54,10,0,0,13,54,2,3,1,71
Bad,55,37,17,26,2,2,1,67,25,6,5,3,0,67,2,1,1,100,-8,1,1,1,100
Good,61,106,17,60,6,0,0,86,1,4,6,7,0,43,5,0,0,84,-8,2,-8,2,67
Good,69,216,36,82,15,1,1,93,24,6,6,15,0,33,-8,0,0,51,-8,8,1,0,100
Good,77,126,8,61,25,0,0,92,42,6,6,25,4,12,7,0,0,9,100,7,2,0,63
Good,86,349,5,120,33,0,0,97,19,6,6,35,1,34,-8,0,0,7,-8,4,2,0,50
Good,45,265,3,98,50,2,2,86,1,4,6,51,1,25,11,0,0,62,69,8,4,3,65
Bad,55,93,7,45,32,0,0,94,8,4,6,33,4,58,7,0,0,100,85,2,7,1,100
Bad,75,262,6,93,12,0,0,100,-7,7,8,13,2,62,0,2,2,76,93,3,2,2,100
Good,76,171,28,66,6,0,0,100,-7,7,8,6,0,33,0,1,1,59,56,2,1,1,75
Bad,64,109,13,65,9,1,1,90,60,6,6,10,0,50,12,0,0,86,39,3,3,1,100
Bad,60,146,11,99,16,0,0,81,7,4,6,16,1,13,10,0,0,42,-8,7,1,2,80
Good,86,160,14,82,15,0,0,100,-7,7,8,15,0,20,0,1,1,31,56,2,2,0,50
Bad,64,212,5,80,17,0,0,100,-7,7,8,18,3,17,0,2,2,92,-8,9,1,6,91
Bad,86,143,6,60,15,0,0,100,-7,7,8,16,1,7,4,1,1,0,-8,0,-8,0,0
Good,64,231,2,62,28,1,1,97,22,6,2,30,2,23,1,2,2,63,55,9,1,4,56
Bad,72,140,25,52,22,0,0,100,-7,7,8,22,0,27,9,0,0,90,6,7,2,5,82
Good,86,342,5,122,7,0,0,100,-7,7,8,7,2,14,0,7,7,7,-8,2,-8,0,100
Good,84,199,5,89,18,0,0,94,48,6,6,18,1,17,5,1,1,8,-8,2,1,0,30
Bad,61,35,2,15,15,0,0,100,-7,7,8,17,8,71,2,1,1,0,81,0,7,-8,75
Good,79,390,4,117,28,0,0,97,3,4,6,31,3,23,3,1,1,5,-8,4,1,0,36
Good,78,84,2,25,11,1,0,92,20,6,5,13,1,15,2,4,4,2,77,1,1,0,20
Bad,57,130,6,38,15,0,0,80,1,4,6,15,1,27,13,0,0,84,71,6,3,4,82
Good,75,127,5,30,17,0,0,100,-7,7,8,17,4,24,1,3,3,14,56,4,1,1,86
Bad,58,163,6,101,20,3,1,71,16,6,5,24,2,29,2,4,4,86,-8,5,-8,2,67
Bad,68,116,1,51,20,0,0,100,-7,7,8,21,2,24,0,2,2,50,-8,6,1,2,64
Bad,84,305,5,86,45,0,0,100,-7,7,8,46,2,35,0,3,3,22,84,4,3,0,47
Good,82,190,10,80,28,0,0,100,-7,7,8,28,1,21,17,0,0,32,50,2,2,0,50
Good,77,273,3,98,26,0,0,96,6,4,6,28,1,39,-8,0,0,11,-8,2,1,2,33
Good,82,195,12,100,38,0,0,100,-7,7,8,40,0,35,-8,0,0,32,-8,5,2,1,54
Good,84,163,4,56,36,0,0,100,-7,7,8,36,2,17,12,0,0,14,88,3,2,1,46
Bad,85,241,7,98,22,1,0,96,33,6,5,23,4,39,3,1,1,4,97,1,3,0,45
Bad,75,184,14,89,12,0,0,100,-7,7,8,17,0,71,10,0,0,58,82,2,3,1,100
Good,57,183,4,73,24,0,0,79,2,4,6,24,3,29,1,4,4,59,77,6,3,2,82
Good,83,272,18,104,10,1,0,91,35,6,5,12,0,18,17,0,0,6,-8,1,-8,0,25
Bad,68,60,7,31,11,1,0,92,27,6,5,12,3,42,0,1,1,50,77,5,2,1,88
Good,89,384,4,111,31,0,0,100,-7,7,8,33,2,30,3,3,3,12,-8,1,1,0,33
Bad,57,156,13,90,39,4,3,91,3,3,5,45,0,16,15,0,0,81,-8,7,-8,1,88
Bad,76,397,2,106,22,0,0,91,11,6,6,23,1,13,9,0,0,17,-8,7,1,0,50
Bad,62,307,19,100,31,0,0,97,16,6,6,32,0,16,8,0,0,62,-8,9,1,6,71
Good,81,120,13,42,12,0,0,100,-7,7,8,12,0,25,3,2,2,34,36,1,1,0,67
Good,74,218,9,71,24,0,0,100,-7,7,8,24,2,38,8,0,0,42,88,7,3,0,77
Good,70,78,4,50,23,0,0,96,11,4,6,24,1,46,3,2,2,48,76,2,5,0,78
Good,79,231,10,68,22,0,0,100,-7,7,8,22,1,9,10,0,0,25,-8,2,1,1,25
Bad,78,50,15,32,5,0,0,100,-7,7,8,5,0,60,0,4,2,11,51,1,2,0,75
Bad,71,206,2,85,34,0,0,100,-7,7,8,35,1,34,0,1,1,95,61,5,2,5,70
Good,85,151,3,56,20,0,0,100,-7,7,8,21,1,25,17,0,0,7,-8,1,1,0,60
Good,79,137,2,61,31,0,0,97,-7,6,7,33,1,36,1,1,1,25,61,4,2,1,40
Good,62,102,2,42,8,1,1,73,4,4,4,11,1,73,17,0,0,3,53,1,3,-8,80
Good,79,444,1,126,19,1,1,95,44,6,2,22,2,45,2,1,1,4,75,3,2,0,63
Bad,76,205,1,68,19,1,1,95,81,6,3,22,2,41,1,2,2,82,87,3,6,2,90
Good,78,395,1,99,20,0,0,100,-7,7,8,22,3,14,2,1,1,42,-8,4,1,2,45
Good,89,233,3,118,35,0,0,100,-7,7,8,36,4,33,15,0,0,0,-8,4,-8,0,33
Bad,70,82,0,48,17,0,0,95,71,6,6,19,2,16,0,7,7,20,-8,5,-8,1,45
Bad,70,183,3,69,20,1,0,79,0,3,5,24,2,42,3,1,1,16,80,5,3,0,80
Bad,72,210,4,83,14,0,0,93,57,6,6,15,2,43,0,3,3,59,79,4,3,2,88
Good,83,187,3,80,29,0,0,100,-7,7,8,30,1,33,12,1,1,13,-8,3,1,2,50
Good,77,180,11,74,26,0,0,100,-7,7,8,27,1,48,13,0,0,24,71,2,2,1,44
Good,90,414,8,102,22,0,0,100,-7,7,8,22,1,36,8,0,0,0,93,1,2,0,33
Bad,67,134,2,52,23,0,0,92,63,6,6,25,3,25,0,10,9,30,-8,5,2,1,64
Good,73,166,1,54,21,0,0,100,-7,7,8,26,5,69,0,1,1,70,90,4,12,2,94
Good,80,319,9,111,18,0,0,100,-7,7,8,22,1,50,-8,0,0,73,-8,5,1,-8,86
Good,70,218,6,86,59,0,0,100,-7,6,7,61,1,52,1,3,3,65,71,12,6,6,68
Good,85,207,8,102,21,0,0,100,-7,7,8,21,1,29,8,0,0,0,-8,2,1,0,67
Good,62,262,2,93,36,0,0,100,-7,7,8,37,1,35,19,0,0,92,56,13,5,8,100
Good,55,134,68,97,5,1,1,67,7,0,6,6,0,50,1,1,1,0,-8,0,1,-8,33
Good,88,300,12,110,19,0,0,100,-7,7,8,19,0,42,11,0,0,7,-8,2,1,0,50
Good,52,266,2,103,18,5,5,76,2,4,4,23,4,33,7,0,0,52,46,5,3,1,82
Bad,70,144,2,70,34,0,0,100,-7,7,8,35,3,51,2,6,6,61,51,5,5,1,83
Good,87,348,11,127,26,0,0,100,-7,7,8,26,1,27,0,3,3,14,48,2,3,1,50
Good,86,279,9,115,16,0,0,94,59,6,6,16,1,13,0,3,3,5,-8,1,-8,0,20
Good,86,153,13,74,16,0,0,100,-7,7,8,17,0,41,21,0,0,13,-8,1,1,0,33
Good,85,349,6,104,35,0,0,100,-7,6,7,38,2,43,0,2,2,4,-8,5,1,1,50
Good,73,106,4,48,19,0,0,95,81,6,6,20,3,30,1,4,4,20,89,1,3,1,40
Good,60,306,1,60,25,1,1,100,-7,6,8,35,5,21,0,5,5,30,84,6,4,0,56
Good,66,75,4,41,24,0,0,100,-7,7,8,25,2,32,4,2,2,54,79,6,4,3,71
Good,81,213,4,75,40,0,0,100,-7,7,8,40,2,35,3,2,2,30,97,4,4,0,62
Good,72,262,10,91,45,0,0,98,48,6,6,51,3,18,0,6,6,62,-8,6,-8,3,67
Good,80,153,2,47,31,0,0,100,-7,7,8,34,5,55,2,2,2,1,70,1,4,0,45
Good,82,194,6,87,33,1,0,97,66,6,5,34,2,21,10,0,0,2,84,5,2,0,44
Good,77,206,2,70,33,0,0,100,-7,7,8,36,6,31,4,1,1,53,65,3,4,1,62
Good,70,49,8,23,9,0,0,100,-7,7,8,9,3,44,7,0,0,69,83,4,3,1,88
Good,74,148,16,83,22,0,0,100,-7,7,8,23,0,57,1,4,4,66,57,2,10,0,92
Good,75,163,7,78,27,0,0,100,-7,7,8,31,1,35,23,0,0,37,67,4,2,2,55
Good,68,332,16,100,22,0,0,100,-7,7,8,24,0,38,16,0,0,52,79,3,3,0,64
Bad,73,140,7,47,12,0,0,92,46,6,6,12,2,33,5,1,1,49,74,2,3,1,75
Good,90,429,5,116,15,0,0,100,-7,7,8,16,1,20,3,2,2,1,-8,1,-8,0,11
Bad,69,142,6,43,12,0,0,93,23,6,6,15,2,87,5,0,0,53,87,2,3,0,100
Bad,72,255,13,60,31,0,0,100,-7,7,8,32,0,22,13,0,0,85,14,9,2,9,79
Good,79,289,4,105,48,0,0,100,-7,6,7,51,1,29,0,2,2,40,79,5,3,1,44
Good,89,203,6,79,28,0,0,97,62,6,6,34,2,53,20,0,0,8,90,1,2,0,33
Good,82,228,17,92,24,0,0,100,-7,7,8,29,0,34,1,2,2,2,42,9,4,0,68
Good,49,259,21,119,7,2,0,67,1,3,5,9,0,11,11,0,0,89,25,5,1,2,86
Good,66,147,4,68,37,5,4,90,73,6,2,42,3,43,1,1,1,65,78,10,3,2,87
Good,83,306,2,92,30,0,0,100,-7,7,8,32,3,22,-8,0,0,18,-8,5,1,1,43
Good,68,170,11,78,49,0,0,100,-7,7,8,54,1,19,12,0,0,1,-8,2,2,0,57
Good,84,144,16,73,15,0,0,100,-7,7,8,16,0,0,3,1,1,5,-8,2,-8,0,29
Good,79,243,15,106,19,0,0,95,12,6,6,19,0,53,3,2,2,22,40,3,5,0,82
Bad,73,374,8,85,27,0,0,96,16,6,6,27,1,26,0,1,1,38,11,4,3,2,70
Good,79,257,3,98,18,0,0,100,-7,7,8,20,2,30,3,1,1,43,-8,5,1,2,70
Good,90,196,15,102,14,0,0,100,-7,7,8,14,0,0,14,0,0,4,-8,3,-8,0,33
Good,69,276,3,118,33,0,0,97,41,6,6,35,1,17,3,2,2,69,100,9,2,6,67
Good,75,188,4,50,18,0,0,100,-7,7,8,19,1,50,4,6,6,44,60,5,4,1,82
Bad,74,219,3,90,42,0,0,96,6,4,6,49,3,33,1,6,5,19,59,4,4,0,75
Good,82,212,4,98,29,0,0,100,-7,7,8,29,1,28,3,1,1,18,84,4,3,1,47
Good,74,310,4,101,8,1,0,89,14,6,5,9,2,67,13,0,0,23,63,1,4,0,71
Good,86,290,10,94,25,0,0,100,-7,7,8,27,1,56,7,0,0,4,29,2,4,0,60
Bad,57,224,4,83,25,2,0,62,3,4,5,34,5,47,5,1,1,63,62,4,3,1,88
Good,70,207,0,74,22,0,0,100,-7,7,8,23,1,13,0,1,1,62,25,5,3,2,67
Good,89,200,1,69,15,0,0,100,-7,7,8,18,1,28,0,1,1,3,-8,2,1,0,75
Bad,70,195,0,81,31,1,1,100,-7,6,8,35,2,32,0,1,1,46,89,8,2,2,63
Good,78,380,9,86,17,0,0,94,-7,5,7,17,1,41,8,0,0,9,80,1,4,0,67
Bad,72,135,12,60,29,0,0,100,-7,7,8,29,0,7,11,0,0,47,-8,13,1,2,74
Good,79,178,13,72,11,0,0,100,-7,7,8,11,0,9,0,1,1,30,31,1,1,1,29
Good,84,131,14,84,22,0,0,100,-7,7,8,22,0,36,19,0,0,9,37,2,4,0,100
Good,67,240,10,106,11,1,0,92,4,3,5,13,1,31,2,1,1,0,-8,1,-8,0,40
Good,87,165,5,79,14,0,0,100,-7,7,8,15,4,20,4,1,1,3,-8,1,1,0,33
Good,72,385,9,114,27,1,1,97,9,0,2,29,1,34,-8,0,0,7,54,4,2,0,67
Good,63,224,4,52,28,1,1,96,29,6,6,28,4,29,6,0,0,42,73,8,3,3,73
Good,87,390,4,117,25,0,0,100,-7,7,8,26,2,42,0,4,4,3,-8,3,1,0,44
Good,90,484,14,158,18,0,0,100,-7,7,8,20,0,20,0,1,1,1,82,2,1,0,30
Bad,80,335,15,146,28,0,0,100,-7,7,8,28,0,18,14,0,0,34,75,9,2,1,65
Good,78,233,9,103,42,0,0,100,-7,7,8,42,2,38,-8,0,0,20,85,5,4,0,56
Good,86,186,0,102,12,0,0,100,-7,7,8,14,1,50,-8,0,0,37,-8,3,1,0,80
Good,88,320,4,93,52,0,0,100,-7,7,8,55,3,22,6,0,0,3,71,3,1,0,36
Good,90,245,2,98,7,0,0,100,-7,7,8,8,1,63,21,0,0,11,79,2,2,0,80
Good,79,200,20,90,33,1,1,97,56,5,2,38,0,29,23,0,0,6,-8,2,1,0,60
Good,75,183,2,85,29,1,0,97,77,6,5,32,2,50,2,1,1,9,79,2,3,0,50
Good,84,307,5,149,29,0,0,100,-7,7,8,46,2,20,6,0,0,3,100,5,2,1,42
Good,70,300,5,98,62,0,0,98,67,6,6,64,1,27,0,3,3,31,33,10,5,1,59
Bad,64,37,8,20,5,0,0,100,-7,7,8,5,2,60,5,0,0,74,84,1,2,1,75
Good,71,145,3,53,33,0,0,100,-7,7,8,33,4,33,0,6,6,31,99,4,3,0,39
Bad,80,172,2,32,38,0,0,100,-7,6,7,39,14,33,0,29,29,6,88,5,4,0,38
Bad,63,207,11,74,45,0,0,100,-7,7,8,46,1,13,7,0,0,85,20,10,2,5,57
Bad,80,175,11,73,15,0,0,100,-7,7,8,17,1,53,11,0,0,32,84,3,4,0,88
Good,73,195,1,77,29,1,1,94,41,6,3,34,7,47,8,0,0,28,99,7,3,1,77
Bad,61,271,9,86,26,0,0,89,3,4,6,27,1,56,0,1,1,57,67,6,5,2,92
Good,83,265,3,90,17,0,0,100,-7,7,8,17,2,18,4,1,1,18,-8,4,2,0,75
Bad,74,88,4,50,18,0,0,83,11,6,6,19,4,33,3,1,1,3,100,1,2,0,38
Good,75,135,4,60,12,1,0,93,26,6,5,14,2,43,7,0,0,79,96,3,3,1,100
Good,84,374,6,126,30,0,0,100,-7,7,8,32,2,31,0,2,2,1,93,1,2,0,36
Good,77,265,4,105,50,1,1,98,61,6,3,58,1,38,12,0,0,15,64,8,4,2,59
Good,66,308,3,97,35,0,0,88,1,4,6,42,5,32,3,2,2,45,46,5,5,1,83
Bad,60,153,3,72,14,1,1,56,8,4,3,16,1,31,8,0,0,33,-8,4,1,2,71
Bad,70,150,1,57,26,0,0,97,14,6,6,31,5,16,1,1,1,20,-8,7,1,2,56
Good,78,179,4,69,32,0,0,100,-7,7,8,32,4,44,3,2,2,7,2,2,6,0,63
Good,68,110,9,41,32,0,0,100,-7,7,8,32,1,25,0,1,1,92,65,3,2,2,71
Good,74,89,5,44,24,0,0,100,-7,7,8,24,2,33,7,0,0,26,84,5,3,1,62
Good,82,220,37,131,15,0,0,87,12,6,6,15,0,20,4,1,1,1,-8,1,2,0,50
Bad,76,317,2,63,20,0,0,91,40,5,6,22,4,9,3,3,3,29,-8,6,1,0,70
Bad,68,132,4,49,16,1,1,94,19,6,6,16,1,50,0,3,3,50,76,5,2,0,88
Good,76,404,7,125,27,1,0,97,69,6,5,29,2,10,4,1,1,11,-8,5,1,2,50
Good,81,419,11,240,13,0,0,100,-7,7,8,13,1,8,11,0,0,55,-8,3,-8,1,50
Good,72,255,2,92,41,0,0,98,11,6,6,42,1,17,0,3,3,9,-8,9,-8,1,53
Good,88,185,19,92,28,0,0,100,-7,7,8,28,0,50,16,0,0,8,62,2,3,0,63
Good,84,232,12,82,43,0,0,100,-7,7,8,46,0,33,11,0,0,18,85,3,3,0,60
Bad,63,27,2,14,5,0,0,100,-7,7,8,6,3,50,1,2,2,57,78,2,2,1,80
Bad,66,283,3,95,16,0,0,75,11,4,6,16,2,38,3,4,4,34,-8,3,1,1,57
Good,68,343,13,127,13,1,1,100,-7,6,8,13,0,15,2,3,3,61,-8,4,-8,3,63
Bad,71,106,8,56,30,0,0,93,7,4,6,30,2,30,3,1,1,11,-8,4,1,0,45
Bad,85,194,4,82,30,0,0,100,-7,7,8,34,1,26,2,2,2,4,-8,3,1,0,42
Bad,88,279,3,75,28,0,0,100,-7,7,8,29,2,24,2,2,2,6,41,3,3,0,40
Good,65,120,3,51,9,1,1,70,51,6,6,10,3,50,2,2,1,47,89,4,2,0,86
Good,81,306,2,130,32,0,0,100,-7,7,8,34,1,35,1,2,2,8,99,3,2,1,35
Good,80,404,12,105,35,0,0,100,-7,7,8,36,0,26,0,3,3,32,61,6,2,0,57
Good,85,186,18,75,23,0,0,100,-7,7,8,25,0,32,2,1,1,1,-8,2,2,1,57
Good,84,249,24,104,37,0,0,100,-7,7,8,38,0,30,2,3,3,3,20,1,3,0,45
Good,70,88,3,45,38,0,0,97,8,4,6,38,3,13,3,2,2,15,45,1,1,0,10
Good,80,219,3,92,18,0,0,100,-7,7,8,20,2,20,5,0,0,41,100,5,2,1,88
Bad,56,126,15,66,22,2,2,86,0,4,6,22,0,23,14,0,0,21,60,4,2,0,55
Bad,64,110,2,58,42,1,0,89,15,6,5,46,4,4,2,6,6,30,-8,12,1,1,74
Good,80,126,6,65,12,0,0,100,-7,7,8,17,1,65,7,0,0,30,58,2,5,0,88
Good,70,7,7,7,1,0,0,100,-7,7,8,1,1,100,-8,0,0,-8,92,-8,1,-8,100
Bad,63,327,13,166,14,1,1,94,5,0,2,16,0,13,5,0,0,0,-8,1,1,0,27
Good,89,222,6,93,16,0,0,100,-7,7,8,16,1,44,7,0,0,6,90,1,2,0,100
Good,80,256,27,120,17,0,0,100,-7,7,8,17,0,6,0,3,2,34,-8,3,1,1,45
Good,74,182,17,113,12,1,0,85,23,6,5,13,0,38,16,0,0,37,88,4,2,0,86
Good,82,186,4,62,23,0,0,100,-7,7,8,23,3,30,3,3,3,24,41,6,2,0,67
Good,69,256,4,69,57,1,1,95,31,6,3,63,4,44,0,5,5,58,82,14,9,5,77
Good,77,258,4,103,26,0,0,100,-7,7,8,27,1,33,8,0,0,31,89,7,3,1,83
Good,77,148,27,96,13,0,0,100,-7,7,8,14,0,50,0,2,2,75,-8,1,1,0,100
Good,71,291,3,91,16,0,0,88,22,6,6,17,1,47,10,0,0,31,60,4,6,1,83
Bad,64,243,11,84,30,0,0,94,25,6,6,32,1,41,11,0,0,92,35,6,2,4,89
Good,83,440,24,190,10,0,0,100,-7,7,8,10,0,20,23,0,0,33,42,2,2,1,50
Good,89,357,1,125,15,0,0,100,-7,7,8,18,2,39,-8,1,0,6,31,4,2,0,55
Good,88,513,5,133,25,0,0,100,-7,7,8,25,1,16,14,0,0,2,-8,3,-8,1,25
Good,81,125,29,79,10,0,0,100,-7,7,8,10,0,30,-8,0,0,25,-8,3,1,1,80
Good,83,187,2,75,30,0,0,100,-7,7,8,32,1,45,2,1,1,5,84,1,5,0,55
Good,79,171,34,95,6,0,0,100,-7,7,8,6,0,67,6,0,0,-8,-8,-8,1,-8,100
Bad,51,402,9,137,42,5,3,74,2,4,4,50,1,42,2,3,3,21,31,3,4,0,53
Good,84,174,3,92,17,0,0,100,-7,7,8,18,1,53,0,11,10,6,-8,2,4,0,86
Good,84,433,5,136,21,0,0,100,-7,7,8,24,1,33,-8,0,0,47,87,2,3,0,50
Good,80,335,29,187,9,0,0,100,-7,7,8,11,0,11,0,4,3,51,-8,1,-8,1,20
Good,76,179,4,94,19,0,0,95,61,6,6,22,1,64,11,0,0,93,80,1,2,-8,100
Good,81,151,2,68,51,0,0,100,-7,7,8,53,4,17,3,4,3,11,-8,3,1,1,31
Good,75,199,2,69,39,0,0,98,62,6,6,43,3,14,0,3,3,10,38,6,1,1,47
Good,93,244,13,97,9,0,0,100,-7,7,8,10,0,33,3,1,1,0,99,1,2,0,75
Good,86,152,4,71,33,0,0,100,-7,7,8,33,2,33,2,5,5,11,-8,1,3,0,50
Bad,67,291,10,115,24,1,0,97,12,6,5,31,1,32,0,2,1,83,-8,9,1,6,83
Good,68,189,2,54,19,0,0,100,-7,7,8,20,3,20,1,5,5,31,33,8,2,1,77
Bad,77,59,19,41,6,0,0,100,-7,7,8,6,0,50,4,2,1,0,93,0,2,-8,67
Good,82,379,1,142,37,0,0,98,31,6,6,41,4,37,1,3,3,0,-8,4,3,0,50
Good,87,393,2,110,20,0,0,100,-7,7,8,31,1,42,10,0,0,4,-8,3,-8,0,33
Good,90,280,6,92,18,0,0,100,-7,7,8,23,3,35,1,1,1,4,86,2,1,0,38
Good,84,419,4,90,47,0,0,98,72,6,6,51,6,22,5,1,1,5,82,4,2,0,38
Bad,64,222,6,95,16,1,0,82,6,4,5,17,2,47,0,1,1,36,92,5,2,1,70
Good,64,147,1,56,19,0,0,91,3,4,6,23,3,36,1,3,3,34,-8,3,2,0,63
Good,71,281,16,89,38,0,0,97,60,6,6,39,0,5,0,2,2,18,-8,11,1,2,48
Bad,61,290,9,95,39,1,1,100,-7,6,8,39,2,10,2,4,3,51,95,8,1,1,45
Good,83,173,5,56,29,0,0,97,42,6,6,31,6,20,-8,0,0,11,-8,6,1,0,53
Good,67,125,6,57,19,2,0,81,12,6,5,22,4,19,23,1,0,16,48,3,3,0,55
Good,63,135,36,70,7,3,0,55,1,4,5,11,0,55,8,0,0,23,33,1,3,1,80
Good,73,136,6,51,15,0,0,100,-7,7,8,16,3,38,1,3,3,31,-8,3,1,1,50
Bad,70,163,3,65,37,0,0,97,6,4,6,39,2,36,1,10,10,5,53,4,2,0,47
Good,78,185,2,86,16,0,0,100,-7,7,8,18,2,29,2,6,6,40,-8,3,-8,1,75
Good,69,155,20,55,11,1,1,93,29,5,2,14,0,36,-8,0,0,24,49,3,3,0,86
Good,77,198,12,94,18,2,2,95,52,6,2,22,0,41,8,0,0,0,85,0,2,0,67
Bad,84,149,6,72,26,0,0,100,-7,7,8,27,1,44,-8,0,0,0,57,1,3,0,80
Good,69,464,4,107,32,0,0,100,-7,7,8,33,1,48,3,1,1,90,80,7,5,6,87
Bad,83,176,13,89,25,1,0,93,34,6,5,30,0,23,3,2,2,0,-8,2,1,0,30
Good,82,178,9,58,16,0,0,100,-7,7,8,17,1,24,2,2,2,23,87,2,2,1,67
Bad,51,204,2,71,30,2,2,94,1,4,6,35,6,47,0,4,3,94,51,5,6,5,86
Good,74,327,1,80,39,0,0,100,-7,7,8,42,7,21,1,3,3,41,68,9,3,2,71
Good,75,300,2,130,27,0,0,93,78,6,6,28,1,25,0,5,5,39,97,3,4,0,64
Good,90,279,5,123,23,0,0,100,-7,7,8,26,1,42,-8,1,0,5,101,2,2,0,67
Good,89,468,11,78,10,0,0,100,-7,7,8,10,1,20,-8,0,0,4,-8,1,1,0,33
Bad,69,231,21,123,7,4,4,67,6,1,2,12,0,17,-8,0,0,0,-8,1,1,0,40
Good,88,327,4,87,36,0,0,100,-7,7,8,40,2,25,0,1,1,0,-8,0,1,0,8
Good,86,186,4,53,17,0,0,100,-7,7,8,17,4,29,0,3,3,4,-8,2,1,0,43
Good,78,164,10,82,15,0,0,100,-7,7,8,16,1,38,-8,0,0,56,69,3,2,0,83
Good,82,222,2,84,15,1,0,94,40,6,5,17,1,47,3,1,1,25,-8,1,1,0,67
Good,72,197,4,64,24,0,0,100,-7,7,8,24,2,33,4,1,1,25,83,8,3,2,65
Good,71,163,5,64,42,0,0,95,2,4,6,42,3,24,4,3,3,1,-8,4,1,0,31
Bad,69,110,6,53,24,0,0,96,35,6,6,26,3,31,7,0,0,45,98,12,4,1,84
Good,81,198,8,74,32,0,0,100,-7,6,7,33,1,64,15,0,0,17,38,3,2,0,63
Good,79,197,26,108,43,0,0,100,-7,7,8,45,0,72,0,7,7,10,15,4,3,1,80
Good,76,254,1,102,36,3,3,90,25,6,3,40,5,35,0,1,1,3,68,6,4,0,59
Good,63,190,3,71,39,0,0,97,10,4,6,39,6,28,2,1,1,55,83,5,2,2,80
Bad,63,165,2,73,23,0,0,88,5,4,6,25,5,56,3,1,1,36,28,6,5,1,85
Bad,69,226,4,95,41,1,0,93,38,6,5,46,2,26,0,1,1,8,59,3,4,1,42
Good,85,257,4,89,33,0,0,100,-7,7,8,33,1,24,2,1,1,7,-8,2,4,0,50
Bad,66,214,3,125,10,1,1,54,11,4,2,13,2,23,4,2,2,14,-8,3,1,0,67
Bad,57,161,3,98,42,0,0,96,7,4,6,45,1,58,1,5,5,54,-8,4,-8,1,67
Bad,64,91,3,38,40,0,0,100,-7,7,8,40,3,28,0,13,13,21,61,6,4,1,42
Good,73,452,3,87,45,0,0,96,21,6,6,47,4,30,4,6,6,5,-8,11,2,0,52
Good,79,143,17,86,15,1,0,95,80,6,5,19,0,79,-8,1,0,19,80,3,4,0,88
Good,83,174,6,78,17,0,0,100,-7,7,8,17,1,29,4,1,1,26,-8,5,1,0,75
Good,86,137,2,75,24,0,0,100,-7,7,8,25,2,36,0,3,3,7,73,2,2,0,50
Good,81,189,11,96,21,1,1,96,77,6,3,24,1,8,21,0,0,0,-8,0,1,0,33
Good,85,306,8,99,24,0,0,100,-7,7,8,24,2,25,7,1,0,0,94,0,2,0,20
Good,88,190,6,65,20,0,0,100,-7,7,8,21,1,14,5,1,1,0,50,4,2,0,46
Good,84,178,3,65,30,0,0,100,-7,7,8,36,5,47,6,0,0,12,-8,3,1,0,44
Good,72,11,11,11,1,0,0,100,-7,7,8,1,1,0,0,2,2,14,-8,1,-8,0,100
Good,88,280,5,127,37,0,0,100,-7,7,8,39,2,34,3,2,1,6,94,2,3,0,38
Good,88,190,2,60,16,0,0,100,-7,7,8,17,3,41,6,0,0,6,76,1,2,0,33
Good,80,245,3,88,44,0,0,98,58,6,6,45,2,27,5,0,0,21,81,4,3,0,100
Bad,65,53,2,28,13,0,0,100,-7,7,8,14,2,21,0,2,2,64,62,5,2,2,58
Good,74,35,2,14,5,0,0,100,-7,7,8,6,3,50,1,2,2,5,78,1,3,0,67
Good,76,111,15,63,9,0,0,100,-7,7,8,9,0,56,-8,0,0,92,82,2,2,2,100
Good,74,142,2,60,44,2,2,98,18,6,6,47,4,28,5,0,0,0,90,3,5,1,40
Good,87,308,3,90,27,0,0,97,-7,6,7,30,1,40,-8,0,0,19,62,5,3,0,67
Good,89,190,17,88,21,0,0,100,-7,7,8,21,0,19,0,1,1,14,-8,3,1,0,50
Good,86,167,8,79,25,0,0,100,-7,7,8,27,2,37,14,0,0,5,61,3,1,0,67
Good,65,252,3,96,34,2,0,89,8,3,5,36,1,28,1,6,6,48,-8,4,-8,2,40
Good,84,146,11,49,14,0,0,100,-7,7,8,14,1,21,4,1,1,1,-8,2,1,0,50
Bad,63,250,27,76,12,0,0,75,1,4,6,14,0,17,0,2,2,36,11,5,1,0,75
Good,87,152,17,83,21,0,0,100,-7,7,8,21,0,62,16,0,0,4,78,2,2,0,67
Good,83,348,2,100,61,0,0,98,24,6,6,67,4,35,1,1,1,6,62,7,4,0,52
Good,86,159,3,98,28,0,0,100,-7,7,8,28,1,36,0,4,4,28,-8,1,2,0,75
Good,78,251,7,107,25,0,0,100,-7,7,8,27,2,33,7,0,0,36,92,4,2,2,75
Good,84,196,3,74,17,0,0,94,36,6,6,17,1,53,1,3,3,0,74,0,3,0,50
Bad,73,158,7,62,17,1,1,89,13,6,2,19,1,37,20,0,0,19,47,1,3,0,80
Good,72,428,18,102,26,0,0,96,14,6,6,26,0,19,17,0,0,22,53,2,3,2,33
Good,83,262,3,115,19,0,0,100,-7,7,8,20,1,45,2,3,3,31,66,2,3,0,56
Good,73,253,50,149,5,1,1,100,-7,6,8,6,0,33,-8,0,0,16,-8,2,-8,0,100
Good,88,450,33,169,14,0,0,100,-7,7,8,14,0,14,-8,0,0,0,-8,2,-8,0,50
Bad,61,250,4,66,47,1,1,100,-7,6,8,49,2,39,0,2,2,73,61,14,4,5,90
Good,90,330,29,117,20,0,0,100,-7,7,8,20,0,20,-8,0,0,1,-8,1,1,0,22
Good,82,374,4,100,26,0,0,100,-7,7,8,27,3,22,3,2,2,28,94,3,4,2,50
Bad,63,163,6,68,35,1,0,86,0,3,5,37,2,27,2,1,1,18,80,6,2,1,64
Bad,63,240,4,64,20,1,0,86,45,6,5,21,2,10,4,1,1,67,-8,6,1,3,70
Bad,64,15,3,9,7,0,0,100,-7,7,8,7,5,29,0,6,6,55,75,2,2,0,57
Bad,80,446,20,103,27,0,0,100,-7,7,8,28,0,46,1,2,2,0,10,1,4,1,50
Bad,57,360,6,124,40,3,0,93,2,3,5,44,2,25,7,0,0,60,39,9,3,1,86
Bad,88,363,6,106,22,0,0,100,-7,7,8,23,1,36,5,2,2,1,68,5,3,0,62
Bad,65,176,3,93,40,0,0,100,-7,7,8,45,9,36,2,2,2,81,71,8,6,2,88
Bad,63,142,10,78,16,1,0,76,5,3,5,17,2,47,15,0,0,59,51,3,2,2,83
Bad,55,139,0,46,23,2,1,77,2,0,2,26,4,31,7,0,0,33,65,4,3,0,67
Bad,84,215,8,73,25,1,0,93,38,6,5,27,1,41,20,0,0,0,-8,0,-8,0,17
Bad,68,98,5,54,14,1,1,100,-7,0,8,15,3,13,0,2,2,6,-8,4,-8,0,67
Bad,91,291,7,88,26,0,0,100,-7,7,8,26,2,35,7,0,0,0,-8,3,-8,0,23
Bad,57,134,3,66,36,0,0,97,22,6,6,36,3,25,0,2,2,64,29,11,5,9,71
Bad,61,127,14,53,16,0,0,94,3,4,6,16,0,69,0,1,1,98,64,1,2,-8,75
Bad,75,336,9,98,22,1,0,91,13,6,5,23,1,39,0,0,0,16,91,2,3,0,83
Good,72,280,22,128,17,1,1,94,-8,6,6,18,0,56,0,0,0,24,-8,2,2,0,57
Good,68,166,3,37,16,0,0,100,-7,7,8,16,5,25,0,5,5,66,87,6,2,2,67
Bad,63,102,4,56,5,4,3,38,11,4,3,13,1,38,0,0,0,16,81,1,4,0,83
Bad,70,151,2,79,38,0,0,95,24,6,6,39,1,21,0,1,1,29,84,14,3,2,81
Bad,76,314,3,170,7,2,1,67,31,6,3,9,1,11,0,2,2,2,-8,2,1,0,43
Good,71,65,3,31,20,0,0,100,-7,7,8,20,5,20,0,1,1,41,75,4,2,1,50
Good,70,118,7,45,17,0,0,88,11,4,6,17,4,35,0,0,0,15,-8,1,1,0,29
Bad,79,104,52,71,2,0,0,100,-7,7,8,3,0,0,0,0,0,21,-8,1,-8,-8,100
Bad,79,130,15,63,12,0,0,92,33,6,6,12,0,42,0,0,0,12,-8,2,1,2,60
Bad,65,399,15,147,11,2,2,80,5,0,2,15,0,7,0,1,1,30,-8,6,-8,0,60
Good,73,126,2,80,23,1,1,88,12,6,2,25,1,24,0,1,1,25,-8,2,1,0,43
Good,68,217,11,109,24,0,0,88,18,6,6,24,1,17,0,5,4,61,-8,5,1,3,50
Good,86,101,14,56,12,0,0,100,-7,7,8,12,0,42,0,0,0,0,-8,3,1,0,83
Good,73,161,4,73,43,1,1,84,31,6,4,44,1,20,0,8,8,30,91,5,3,1,35
Bad,50,54,4,19,16,0,0,94,4,4,6,17,7,29,0,0,0,89,42,4,2,3,75
Good,89,181,33,75,8,0,0,100,-7,7,8,8,0,25,0,0,0,0,-8,1,1,0,40
Good,77,296,6,98,45,0,0,100,-7,7,8,45,1,16,-7,2,2,12,-8,7,1,2,36
Bad,73,69,24,42,7,0,0,100,-7,7,8,7,0,14,-7,1,0,54,37,5,1,1,86
Bad,66,216,4,89,27,0,0,100,-7,7,8,27,1,41,-7,5,5,78,69,5,2,3,70
Bad,78,199,7,73,39,0,0,95,22,6,6,40,1,21,-7,1,0,15,19,2,5,1,50
Good,61,181,20,65,21,0,0,95,16,6,6,21,0,29,-7,2,2,86,85,4,2,3,54
Bad,61,174,1,61,25,0,0,88,10,4,6,26,3,12,-7,0,0,41,21,6,2,1,57
Bad,73,176,15,47,14,0,0,100,-7,7,8,14,0,7,-7,0,0,62,-8,7,-8,4,100
Bad,65,205,17,92,6,2,0,50,4,3,5,10,0,20,-7,0,0,14,-8,3,1,1,57
Good,58,14,1,6,3,0,0,100,-7,7,8,5,4,40,-7,15,15,98,-8,2,2,1,80
Bad,83,196,17,84,6,0,0,100,-7,7,8,7,0,0,-7,0,0,14,-8,4,-8,1,100
Good,88,156,17,140,5,0,0,100,-7,7,8,5,0,20,-7,0,0,20,-8,2,1,0,75
Good,61,117,1,59,19,4,1,83,38,6,5,25,3,46,-7,1,1,76,61,7,2,5,90
Bad,71,235,9,142,19,0,0,100,-7,7,8,19,1,0,8,0,0,77,-8,7,-8,6,64
Good,75,159,7,74,46,0,0,98,-7,5,7,51,6,59,9,0,0,20,88,5,5,0,79
Good,71,227,12,116,15,2,1,78,48,6,4,18,0,28,0,2,2,83,-8,2,1,2,60
Bad,55,234,13,83,20,1,0,70,1,3,5,24,0,22,4,3,3,46,24,8,3,2,72
Good,81,108,2,35,7,1,0,90,37,6,5,10,6,30,2,2,2,0,-8,0,-8,0,14
Bad,55,162,19,73,26,2,2,91,3,4,2,33,0,55,16,0,0,79,87,1,9,1,91
Bad,57,188,16,83,13,1,0,79,3,3,5,14,0,29,16,0,0,98,95,3,3,3,86
Bad,59,249,27,119,4,5,4,30,15,5,2,10,0,40,-8,0,0,58,-8,1,1,0,100
Good,73,266,9,132,21,0,0,96,27,6,6,25,4,26,0,3,3,20,-8,2,2,0,45
Good,88,302,9,105,22,0,0,100,-7,7,8,22,2,23,-8,0,0,2,15,5,2,0,64
Bad,64,180,10,62,21,0,0,95,25,6,6,21,2,29,0,7,6,107,-8,2,1,2,75
Bad,66,128,2,45,7,3,2,89,55,0,3,9,1,33,0,4,4,13,88,4,2,0,100
Good,81,246,12,86,21,0,0,100,-7,7,8,22,0,55,-8,0,0,0,89,0,6,0,43
Bad,70,83,7,48,7,1,0,88,40,6,5,8,1,13,2,1,1,38,-8,3,1,0,67
Bad,63,134,14,58,6,1,1,100,-7,6,8,6,0,33,6,0,0,94,100,3,1,1,80
Good,83,165,7,92,33,0,0,100,-7,7,8,50,1,68,0,1,1,16,85,3,6,0,69
Bad,58,20,4,11,4,2,2,88,23,6,4,8,4,88,2,1,1,-8,103,-8,4,-8,100
Good,76,292,1,110,38,0,0,98,67,6,6,44,3,18,6,0,0,21,96,7,2,2,59
Bad,58,254,9,142,31,2,2,82,25,6,6,33,1,67,0,5,5,61,33,2,4,1,88
Bad,77,158,6,67,16,0,0,94,3,4,6,17,2,12,0,2,2,10,91,1,2,0,50
Good,75,367,1,118,57,0,0,95,28,6,6,58,3,24,-8,0,0,5,44,4,4,0,41
Good,69,220,7,93,30,0,0,97,2,4,6,30,1,30,1,1,1,14,73,6,2,1,69
Good,70,308,4,77,41,1,1,95,2,0,2,42,3,29,0,2,2,6,78,4,7,1,48
Good,67,106,7,63,24,0,0,100,-7,7,8,24,1,63,7,0,0,51,22,6,7,0,87
Good,84,285,20,84,14,0,0,100,-7,7,8,14,0,14,20,0,0,32,-8,1,1,0,25
Good,62,220,3,79,12,0,0,93,10,4,6,15,1,21,3,1,1,93,-8,4,1,3,83
Good,84,128,7,81,13,0,0,100,-7,7,8,14,1,7,0,3,3,0,93,1,1,0,33
Good,77,145,2,36,7,0,0,100,-7,7,8,8,4,25,3,3,3,42,-8,1,2,0,60
Good,85,182,17,96,19,0,0,96,48,6,6,24,0,42,9,0,0,5,-8,2,1,0,75
Good,88,192,2,90,17,0,0,100,-7,7,8,18,1,33,1,2,2,9,66,2,2,0,44
Good,78,310,3,72,40,0,0,100,-7,7,8,41,5,27,10,0,0,46,68,4,4,2,67
Bad,71,225,8,131,16,0,0,75,22,6,6,16,1,19,1,1,1,24,-8,8,1,0,90
Good,67,284,5,84,44,0,0,100,-7,7,8,45,1,27,2,1,1,48,50,11,3,4,70
Good,69,198,3,88,29,0,0,97,43,6,6,32,2,37,1,4,4,61,93,5,3,2,62
Bad,70,182,8,103,24,0,0,92,27,6,6,48,1,79,0,2,2,68,-8,3,2,2,83
Good,80,222,3,96,28,0,0,93,21,6,6,29,2,41,0,0,0,14,45,2,4,0,46
Good,70,240,19,93,20,0,0,100,-7,7,8,20,0,15,0,1,1,67,-8,7,1,5,69
Good,87,178,26,96,33,0,0,100,-7,7,8,33,0,24,0,4,4,9,-8,4,-8,0,21
Good,86,238,5,82,13,0,0,93,26,6,6,14,1,21,0,0,0,9,-8,3,1,0,44
Bad,67,132,7,38,11,1,1,100,-7,0,8,12,4,36,0,3,3,35,97,3,3,0,75
Good,79,196,3,50,13,0,0,100,-7,7,8,13,3,46,0,0,0,48,-8,2,1,2,60
Bad,69,323,6,107,44,1,1,96,77,6,6,46,1,22,0,0,0,46,94,18,3,3,60
Bad,61,49,19,29,4,1,1,75,7,4,6,4,0,75,0,1,0,56,64,1,2,0,100
Bad,66,147,8,79,19,1,1,84,23,6,6,20,1,63,0,2,2,35,17,1,3,1,57
Bad,71,404,4,130,26,1,0,81,3,4,5,27,1,15,0,0,0,19,49,5,2,1,44
Good,82,336,4,106,23,0,0,100,-7,7,8,23,1,22,0,2,2,2,56,2,2,0,31
Bad,91,387,68,143,8,0,0,100,-7,7,8,8,0,0,0,0,0,20,-8,4,-8,1,80
Good,80,208,2,94,17,0,0,100,-7,7,8,19,2,37,0,1,1,49,32,4,2,1,100
Good,66,233,7,82,8,1,1,78,4,2,4,9,2,22,0,0,0,0,-8,0,2,0,60
Good,76,98,11,50,15,0,0,100,-7,7,8,15,2,27,0,0,0,42,60,2,2,1,63
Bad,64,11,1,5,2,0,0,100,-7,7,8,3,3,67,0,0,0,60,-8,1,1,-8,100
Bad,64,220,4,86,42,1,1,98,19,0,6,45,2,9,0,2,2,51,-8,8,1,5,39
Bad,56,82,8,39,6,1,1,86,47,0,6,8,2,71,0,1,1,118,72,1,2,-8,100
Good,85,245,4,120,20,0,0,100,-7,7,8,21,1,24,0,1,1,14,-8,2,1,1,30
Good,84,162,11,75,16,0,0,100,-7,7,8,16,1,31,0,0,0,8,87,3,2,0,75
Bad,76,194,19,132,15,1,1,94,30,6,2,16,0,31,0,4,4,0,47,1,2,0,45
Bad,57,41,12,29,7,0,0,57,12,6,6,7,0,43,0,0,0,93,62,3,2,1,83
Bad,63,363,8,85,15,0,0,93,-8,6,6,15,1,67,0,0,0,91,74,1,4,1,83
Good,64,98,4,49,10,0,0,90,45,6,6,10,4,30,0,1,1,83,-8,4,1,3,63
Good,75,162,8,93,18,1,1,95,25,6,2,19,1,26,0,0,0,19,82,4,3,0,78
Bad,64,244,8,78,43,0,0,100,-7,7,8,44,4,25,0,6,6,88,-8,13,4,6,86
Good,75,85,2,60,7,1,1,78,27,6,4,9,2,44,0,0,0,5,-8,3,1,-8,80
Bad,65,102,10,40,20,0,0,100,-7,7,8,20,1,20,0,1,1,46,65,6,3,2,82
Bad,78,199,7,70,29,1,1,97,40,6,3,34,2,24,0,0,0,8,-8,2,2,0,25
Good,80,156,13,78,19,0,0,95,46,6,6,19,0,11,0,1,1,9,-8,3,1,1,29
Good,79,457,7,106,14,0,0,100,-7,7,8,14,1,7,0,0,0,30,86,12,1,1,100
Bad,63,140,13,76,22,0,0,95,22,6,6,22,0,23,0,3,3,91,-8,2,1,2,60
Bad,66,223,43,117,9,3,2,62,3,3,4,13,0,23,0,2,2,15,-8,1,1,0,22
Good,84,233,4,72,23,0,0,100,-7,7,8,23,1,35,0,0,0,16,40,3,3,0,67
Bad,61,198,6,56,20,0,0,100,-7,7,8,21,2,5,0,1,1,88,-8,12,1,8,87
Good,81,198,3,92,20,0,0,100,-7,7,8,20,1,30,0,2,2,34,76,2,4,0,60
Bad,72,132,8,66,21,0,0,95,17,6,6,22,1,27,0,0,0,39,83,7,3,0,83
Good,76,279,7,119,43,0,0,100,-7,7,8,50,5,18,0,0,0,38,97,8,3,4,55
Bad,64,165,15,83,9,1,1,100,-7,5,8,10,0,44,0,0,0,92,-8,3,1,1,100
Bad,86,296,7,112,20,0,0,100,-7,7,8,22,1,41,0,0,0,17,96,2,1,0,33
Bad,65,141,3,59,44,0,0,95,54,5,6,44,5,50,0,4,4,51,67,5,2,3,64
Good,72,400,3,104,38,0,0,100,-7,7,8,39,5,18,0,0,0,37,3,9,2,3,63
Good,68,348,12,91,34,0,0,100,-7,7,8,34,0,32,0,0,0,78,68,11,4,7,76
Good,80,192,7,72,22,0,0,100,-7,6,8,23,2,39,0,1,1,13,96,2,3,1,63
Bad,72,177,0,48,31,0,0,100,-7,7,8,34,7,47,0,12,12,45,93,6,6,2,60
Bad,60,34,6,19,11,0,0,100,-7,7,8,11,2,45,0,4,2,49,95,4,2,1,75
Good,84,268,10,93,15,0,0,100,-7,7,8,15,1,33,0,1,1,1,50,2,2,0,71
Bad,72,160,69,106,9,2,2,100,-7,0,8,11,0,0,0,0,0,3,-8,1,-8,0,11
Bad,73,139,16,61,14,0,0,100,-7,7,8,14,0,14,0,3,3,59,66,6,1,2,78
Good,80,201,5,94,17,0,0,100,-7,7,8,17,1,24,0,0,0,36,9,4,2,1,43
Bad,65,305,4,74,18,6,6,60,12,6,2,25,2,48,0,1,1,8,98,1,2,0,60
Bad,66,150,2,52,22,0,0,92,4,4,6,26,3,15,0,2,2,7,37,4,2,0,40
Good,76,241,9,80,48,0,0,100,-7,5,8,49,2,20,0,2,2,22,-8,9,-8,1,37
Good,70,284,2,71,18,0,0,100,-7,7,8,19,4,32,0,10,10,31,100,9,6,0,94
Good,69,114,13,57,28,0,0,90,6,4,6,29,0,55,0,0,0,85,58,2,4,1,100
Good,78,143,5,71,60,0,0,100,-7,7,8,61,4,16,0,1,0,12,73,4,2,1,23
Bad,57,89,2,48,25,1,1,89,2,4,2,28,3,32,0,1,1,36,55,9,2,1,73
Good,64,228,5,84,60,0,0,95,23,6,6,60,4,38,0,0,0,35,-8,10,2,3,68
Bad,72,21,8,16,3,0,0,100,-7,7,8,3,1,67,0,1,1,4,87,1,2,-8,100
Good,67,279,3,80,51,0,0,94,13,5,6,52,2,37,0,1,1,45,86,15,4,3,70
Bad,60,28,6,19,9,0,0,100,-7,7,8,10,3,20,0,2,2,58,-8,3,1,1,100
Bad,64,58,4,24,2,1,1,67,75,6,4,3,2,67,0,1,1,-8,81,-8,2,-8,100
Good,89,218,16,95,25,0,0,100,-7,5,8,26,0,38,0,0,0,3,-8,3,1,0,57
Good,83,154,4,57,13,0,0,93,-8,6,6,14,1,43,0,0,0,4,80,1,4,1,45
Bad,81,126,2,31,25,0,0,100,-7,7,8,28,9,4,0,5,5,12,-8,6,-8,0,30
Good,88,286,76,133,4,0,0,100,-7,7,8,5,0,60,0,0,0,9,-8,1,-8,0,100
Bad,82,103,67,85,1,0,0,50,62,6,6,3,0,0,0,0,0,0,-8,0,-8,-8,0
Bad,77,141,3,77,29,0,0,100,-7,7,8,31,3,42,0,0,0,33,85,4,2,2,55
Good,72,195,9,128,16,0,0,78,66,4,6,18,2,50,0,1,1,11,78,4,1,0,83
Bad,54,298,5,107,5,7,6,38,2,2,2,13,3,15,0,0,0,44,29,3,2,0,83
Bad,66,122,5,72,17,0,0,94,4,4,6,17,2,24,0,1,1,48,89,3,3,1,50
Good,84,273,6,119,19,0,0,95,25,6,6,19,1,16,0,2,2,3,-8,2,1,0,30
Bad,55,189,19,81,35,2,1,78,1,0,2,42,0,44,0,3,3,67,36,5,2,1,64
Bad,66,259,4,108,10,7,7,100,-7,6,8,14,4,10,0,2,2,18,-8,3,1,1,67
Bad,67,62,8,32,10,0,0,100,-7,7,8,10,2,40,0,2,2,89,49,5,3,2,100
Good,88,371,9,133,10,0,0,100,-7,7,8,10,1,10,0,1,1,2,-8,2,-8,0,25
Bad,68,17,17,17,1,0,0,100,-7,7,8,1,0,100,0,1,1,-8,-8,-8,1,-8,100
Good,82,160,2,67,26,0,0,97,70,6,6,30,3,27,0,0,0,8,89,3,3,0,50
Bad,85,152,15,84,17,0,0,88,42,6,6,17,0,12,0,1,1,4,-8,1,1,0,15
Bad,61,79,2,39,29,0,0,84,10,4,6,32,4,47,0,4,4,24,102,7,4,1,85
Good,82,193,1,75,36,0,0,100,-7,7,8,37,3,38,0,5,5,7,-8,2,2,0,33
Bad,84,247,3,91,26,0,0,100,-7,7,8,26,2,27,0,2,2,44,-8,5,1,2,33
Good,86,332,15,95,19,0,0,100,-7,7,8,19,0,21,0,1,1,9,-8,2,-8,0,33
Bad,57,264,6,155,3,2,2,40,4,4,2,5,2,40,0,4,4,0,-8,0,1,-8,50
Bad,74,217,5,94,28,0,0,100,-7,6,8,30,1,57,0,2,2,72,-8,4,2,3,75
Bad,67,163,7,71,14,1,1,100,-7,6,8,14,1,36,0,1,1,67,76,2,3,1,67
Bad,64,185,2,109,15,2,1,78,55,6,2,18,3,33,0,4,4,24,80,3,1,0,57
Good,75,264,7,89,54,0,0,98,24,6,6,55,1,36,0,1,1,33,55,5,4,1,67
Bad,56,113,26,70,7,6,4,50,4,0,2,13,0,58,0,1,1,0,-8,0,1,-8,50
Bad,57,68,4,37,15,0,0,81,31,6,6,16,3,50,0,1,1,98,85,4,4,1,80
Bad,70,211,4,80,10,0,0,90,9,4,6,10,4,10,0,3,3,51,-8,5,-8,1,63
Bad,65,377,3,113,34,0,0,97,18,6,6,34,2,44,0,1,1,45,68,8,4,2,71
Bad,56,30,20,26,3,0,0,75,10,4,6,4,0,50,0,0,0,97,77,2,1,1,100
Bad,75,207,4,46,17,0,0,100,-7,7,8,17,4,24,0,4,3,62,66,6,2,0,67
Good,81,232,9,81,20,0,0,100,-7,7,8,21,1,10,0,0,0,13,-8,6,1,1,50
Bad,72,354,4,105,22,0,0,100,-7,7,8,24,5,29,0,0,0,89,77,7,3,5,92
Good,73,361,48,144,18,0,0,89,25,6,6,18,0,39,0,1,1,51,9,2,2,1,56
Good,66,245,44,131,12,1,0,79,1,4,5,14,0,36,0,1,1,46,-8,3,1,0,100
Bad,70,112,1,45,15,0,0,94,21,6,6,16,2,38,0,1,1,39,82,5,3,1,73
Bad,70,217,1,66,31,0,0,97,49,6,6,33,6,52,0,2,2,71,94,3,9,1,82
Bad,67,434,7,99,20,0,0,100,-7,7,8,20,3,5,0,4,4,83,-8,8,-8,6,57
Bad,56,137,4,65,38,1,0,80,2,4,5,41,2,27,0,1,1,64,48,7,2,2,69
Bad,68,329,2,80,32,1,1,91,26,6,6,34,3,33,0,8,8,31,-8,7,1,2,57
Bad,66,169,19,102,16,0,0,76,17,6,6,17,0,24,0,0,0,71,-8,5,-8,2,71
Bad,66,152,5,78,11,2,2,100,-7,6,8,12,1,36,0,1,1,86,64,4,2,1,86
Good,72,298,5,96,28,0,0,93,22,6,6,28,4,25,0,0,0,16,36,5,4,0,50
Good,77,242,15,97,23,0,0,100,-7,7,8,23,0,4,0,0,0,44,-8,5,1,2,50
Bad,72,110,1,52,33,1,1,97,28,6,2,37,4,22,0,6,6,12,99,6,2,0,42
Bad,71,188,2,63,46,0,0,98,62,6,6,47,7,23,0,1,1,44,39,8,4,5,50
Bad,66,322,17,102,28,0,0,100,-7,7,8,28,0,43,0,1,1,67,72,6,6,3,71
Bad,69,146,5,73,31,0,0,100,-7,7,8,31,4,29,0,2,2,63,52,6,4,3,83
Bad,63,119,6,46,24,1,0,93,16,6,5,28,4,39,0,1,1,87,-8,9,2,7,92
Good,77,152,2,67,12,3,3,92,73,6,6,15,3,23,0,1,1,7,67,4,1,0,71
Bad,69,55,14,33,11,0,0,91,14,6,6,11,0,55,0,0,0,18,-8,4,1,-8,83
Bad,72,256,4,48,21,0,0,95,31,6,6,22,2,32,0,1,1,34,89,3,2,1,50
Good,57,59,59,59,0,1,0,0,15,6,5,1,0,100,0,3,2,-8,-8,-8,1,-8,100
Bad,57,154,6,68,24,2,1,71,8,4,4,28,3,14,0,1,1,38,30,6,1,0,42
Good,73,29,16,23,2,0,0,100,-7,7,8,2,0,50,0,2,2,-8,-8,-8,-8,-8,-8
Bad,78,263,1,116,14,0,0,100,-7,7,8,16,3,19,0,14,14,45,-8,4,-8,2,40
Good,56,302,5,69,62,1,1,97,1,1,3,63,9,24,0,1,1,12,60,24,5,1,71
Bad,67,188,7,123,21,0,0,77,36,6,6,22,3,9,0,1,1,68,-8,5,-8,2,83
Bad,72,56,4,25,14,0,0,100,-7,7,8,14,4,14,0,1,0,20,-8,6,1,1,64
Bad,76,172,5,91,21,0,0,91,34,6,6,22,1,23,0,2,2,12,57,2,1,1,25
Bad,78,128,3,54,7,0,0,100,-7,7,8,8,3,63,0,2,2,-8,2,1,2,-8,100
Bad,68,105,11,58,13,0,0,57,5,4,6,14,1,86,0,0,0,60,58,2,2,0,100
Good,91,446,18,153,12,0,0,100,-7,7,8,12,0,33,0,0,0,4,-8,1,-8,0,20
Bad,79,350,4,97,28,0,0,100,-7,7,8,28,1,39,0,0,0,29,90,1,3,1,27
Good,75,303,4,97,35,1,1,97,29,6,2,37,1,49,0,0,0,6,49,2,2,1,57
Bad,66,46,6,26,10,0,0,100,-7,7,8,10,1,70,0,3,3,94,59,2,3,1,83
Bad,63,110,4,38,4,0,0,80,15,6,6,5,2,60,0,3,3,63,87,1,2,0,100
Bad,68,39,7,24,7,0,0,100,-7,7,8,7,2,29,0,1,0,85,-8,2,1,2,75
Good,75,187,6,70,32,0,0,100,-7,7,8,32,5,28,0,0,0,20,81,6,3,1,47
Good,82,306,5,67,18,0,0,100,-7,7,8,19,2,32,0,1,1,0,58,2,4,0,46
Bad,73,179,5,102,34,0,0,100,-7,7,8,34,1,15,0,0,0,65,-8,6,-8,2,40
Bad,59,172,5,54,16,0,0,82,0,4,6,17,3,47,0,0,0,64,13,3,3,2,55
Bad,60,423,9,109,32,0,0,94,2,4,6,34,1,38,0,0,0,72,5,8,3,6,79
Good,82,193,14,74,13,0,0,100,-7,7,8,13,0,38,0,0,0,21,60,3,2,2,63
Bad,59,183,2,73,28,1,1,90,2,0,2,31,2,32,0,10,10,66,62,5,3,1,57
Good,83,227,13,95,18,0,0,100,-7,7,8,19,0,37,0,0,0,26,33,2,2,0,50
Bad,64,204,14,118,17,0,0,78,1,4,6,18,0,56,0,0,0,48,51,6,1,0,88
Bad,66,228,5,91,18,1,0,80,24,6,5,20,2,30,0,0,0,66,97,6,2,4,67
Good,81,370,6,78,25,0,0,96,24,6,6,26,1,42,0,1,1,0,67,1,3,0,40
Bad,65,60,3,30,14,0,0,93,9,4,6,14,5,71,0,0,0,65,85,2,3,0,71
Bad,58,162,11,103,35,1,1,66,25,5,2,41,1,49,0,1,1,69,92,8,5,2,88
Bad,54,184,3,101,42,0,0,88,4,4,6,43,4,51,0,1,1,64,83,8,3,3,93
Bad,66,173,15,87,21,0,0,95,16,6,6,22,0,14,0,5,5,66,-8,2,1,2,33
Bad,78,193,23,100,24,1,0,81,13,6,5,26,0,19,0,2,1,0,-8,3,1,0,42
Good,87,270,26,83,28,0,0,100,-7,7,8,28,0,25,0,0,0,0,-8,1,-8,0,10
Bad,89,243,17,94,15,0,0,100,-7,7,8,15,0,27,0,1,1,8,94,1,1,0,25
Good,81,297,7,84,23,0,0,100,-7,7,8,23,2,9,0,1,1,23,8,4,1,0,28
Bad,74,235,12,120,34,0,0,100,-7,7,8,34,0,32,0,0,0,52,58,13,3,4,74
Good,66,105,8,46,20,0,0,100,-7,7,8,20,1,20,0,1,1,78,67,5,2,4,73
Bad,66,340,11,117,36,0,0,100,-7,7,8,36,1,11,0,0,0,81,-8,20,1,11,75
Bad,85,358,36,157,4,1,0,80,55,6,5,5,0,0,0,0,0,0,-8,0,-8,0,0
Bad,70,117,12,56,11,0,0,100,-7,7,8,11,0,27,0,1,1,99,6,4,1,2,100
Good,81,253,2,80,28,0,0,100,-7,7,8,29,4,34,0,4,4,4,-8,3,5,0,50
Bad,73,60,6,40,18,0,0,100,-7,7,8,20,1,10,0,2,0,17,-8,3,1,1,33
Bad,85,231,4,77,14,1,0,93,67,6,5,15,1,20,0,0,0,0,59,1,1,0,38
Bad,58,223,3,106,24,2,2,89,0,4,3,27,5,37,0,1,1,31,93,4,4,0,67
Bad,82,86,3,40,9,0,0,100,-7,7,8,10,2,30,0,1,1,16,82,2,2,0,50
Bad,76,109,3,58,45,0,0,96,30,6,6,46,3,15,0,1,1,6,-8,8,1,1,33
Bad,63,105,10,67,22,3,2,76,6,4,2,25,1,48,0,2,2,11,75,3,3,0,86
Good,70,312,8,90,31,0,0,100,-7,7,8,31,1,13,0,0,0,49,72,8,1,3,43
Good,82,144,9,61,24,1,0,96,49,6,5,25,1,24,0,1,1,5,47,4,2,0,46
Bad,72,113,18,55,25,0,0,96,-7,5,7,25,0,48,0,2,2,52,27,4,4,1,73
Good,73,112,8,50,22,0,0,100,-7,7,8,25,1,29,0,0,0,39,-8,7,2,1,64
Bad,79,281,22,150,6,0,0,100,-7,7,8,6,0,33,0,0,0,81,-8,1,1,1,50
Good,91,277,17,163,12,0,0,100,-7,7,8,12,0,25,0,0,0,1,-8,3,1,0,50
Bad,75,199,5,73,37,0,0,97,77,6,6,39,4,16,0,2,2,25,-8,6,2,2,50
Bad,81,101,20,41,12,0,0,100,-7,7,8,12,0,42,0,2,2,6,-8,1,4,0,83
Bad,66,141,6,73,25,0,0,92,52,6,6,26,2,54,0,0,0,81,96,6,3,5,90
Bad,59,49,1,20,16,0,0,100,-7,7,8,17,8,24,0,1,1,52,100,7,4,1,79
Good,60,137,4,76,28,2,1,90,1,0,2,30,1,20,0,4,3,54,100,4,2,1,55
Good,89,243,7,116,6,0,0,100,-7,7,8,6,2,17,0,0,0,17,-8,3,1,0,100
Good,73,385,11,87,20,0,0,95,4,4,6,20,1,15,0,0,0,28,-8,4,1,0,36
Good,81,203,2,87,18,0,0,100,-7,7,8,19,2,5,0,2,2,16,-8,2,1,0,33
Good,65,100,9,40,15,0,0,93,9,4,6,15,3,47,0,0,0,50,65,3,2,0,71
Bad,84,150,11,68,23,0,0,100,-7,7,8,25,1,24,0,0,0,1,-8,1,1,1,17
Good,79,131,25,70,17,0,0,94,-8,6,6,17,0,29,0,0,0,0,52,1,2,0,38
Bad,72,410,2,147,7,1,1,100,-7,6,8,10,2,38,0,6,6,6,98,1,1,0,50
Bad,64,258,4,123,10,1,0,64,5,4,5,11,2,9,0,2,2,36,-8,4,-8,1,50
Bad,58,211,5,54,39,0,0,95,2,4,6,39,4,23,0,1,1,25,43,5,3,3,47
Good,68,377,9,96,35,0,0,97,-8,6,6,37,2,22,0,0,0,53,97,16,2,5,79
Bad,65,99,5,46,24,0,0,100,-7,7,8,24,2,33,0,2,1,51,67,7,2,2,64
Good,61,73,17,46,8,2,2,100,-7,7,8,10,0,75,0,0,0,-8,-8,-8,-8,-8,-8
Good,85,176,3,95,12,0,0,100,-7,7,8,14,1,21,0,0,0,26,-8,3,-8,0,100
Good,78,179,1,81,24,0,0,100,-7,7,8,26,5,15,0,3,3,12,94,5,2,0,44
Good,93,310,3,138,10,0,0,100,-7,7,8,10,1,20,0,0,0,1,-8,1,-8,0,13
Bad,69,172,1,63,13,1,0,87,41,6,5,15,3,40,0,0,0,80,-8,3,1,2,50
Good,74,132,2,72,15,0,0,100,-7,7,8,16,1,19,0,2,2,58,62,5,2,1,80
Bad,91,286,15,133,10,0,0,100,-7,7,8,10,0,20,0,0,0,10,-8,2,-8,0,40
Bad,65,31,1,16,5,0,0,83,-8,4,6,6,2,33,0,6,5,0,93,1,1,0,40
Bad,66,136,6,62,55,1,1,98,14,5,2,57,4,23,0,1,1,41,60,9,5,4,56
Bad,67,100,3,61,19,0,0,100,-7,7,8,21,1,43,0,0,0,99,82,7,1,5,89
Bad,86,317,17,95,12,0,0,92,31,6,6,13,0,0,0,0,0,7,-8,3,-8,0,80
Bad,78,56,2,32,8,0,0,100,-7,7,8,9,3,22,0,1,1,23,19,4,2,0,86
Good,82,368,6,106,23,0,0,100,-7,7,8,23,2,22,0,1,1,8,-8,3,1,1,36
Bad,55,77,2,48,5,2,2,100,-7,7,8,8,2,67,0,2,2,94,190,2,4,-8,100
Bad,69,271,1,81,36,1,0,97,12,6,5,39,2,26,0,6,6,35,94,4,2,1,46
Bad,86,438,4,81,12,0,0,92,-8,6,6,12,1,42,0,0,0,5,-8,3,1,0,57
Bad,66,77,5,25,8,0,0,100,-7,7,8,8,5,13,0,1,1,93,72,5,1,1,100
Bad,59,75,0,50,2,1,1,50,39,6,6,5,1,50,0,7,5,0,-8,0,-8,-8,0
Good,84,290,2,140,16,0,0,100,-7,7,8,19,1,21,0,8,8,0,97,1,2,0,44
Bad,79,41,1,15,6,0,0,100,-7,7,8,8,2,25,0,2,2,1,64,1,2,0,38
Good,84,186,6,93,22,0,0,100,-7,7,8,25,1,32,0,0,0,0,71,1,2,-8,50
Bad,67,89,1,36,16,0,0,100,-7,7,8,19,5,26,0,4,4,63,29,6,2,3,73
Bad,75,198,4,69,30,0,0,100,-7,7,8,30,3,13,0,0,0,46,97,4,2,2,67
Bad,68,116,21,59,31,2,2,97,15,6,6,33,0,52,0,1,1,16,44,2,6,0,75
Bad,79,209,5,77,28,0,0,100,-7,7,8,28,3,29,0,0,0,43,-8,4,2,2,55
Good,65,29,9,18,10,0,0,100,-7,7,8,10,3,40,0,5,5,38,68,5,3,0,89
Bad,89,323,9,117,9,0,0,100,-7,7,8,9,1,11,0,5,5,0,-8,0,-8,-8,0
Bad,74,145,3,50,15,0,0,100,-7,7,8,15,2,33,0,1,1,46,-8,4,1,1,86
Bad,65,216,5,89,50,0,0,96,44,5,6,51,2,43,0,3,2,88,56,12,7,8,90
Bad,66,134,3,51,21,0,0,100,-7,7,8,21,5,29,0,3,3,59,44,5,2,3,58
Bad,63,50,13,25,10,0,0,100,-7,7,8,10,0,60,0,5,5,76,72,3,2,1,83
Good,68,164,29,75,9,2,2,89,-7,5,7,11,0,22,0,1,1,49,-8,2,-8,1,50
Bad,65,207,4,82,36,0,0,100,-7,7,8,36,3,25,0,2,2,64,42,11,2,6,59
Bad,71,133,2,69,16,1,1,94,48,6,2,19,3,72,0,2,2,13,41,2,2,1,80
Bad,82,78,2,31,9,0,0,100,-7,7,8,10,2,40,0,1,1,5,77,2,1,0,60
Good,79,147,5,50,34,0,0,100,-7,7,8,34,7,15,0,1,1,1,44,2,2,0,18
Bad,68,28,9,21,3,0,0,100,-7,7,8,3,1,100,0,0,0,-8,-8,-8,2,-8,100
Good,67,344,4,171,24,0,0,96,57,6,6,26,3,31,0,0,0,77,68,6,3,4,71
Bad,73,78,2,39,29,0,0,100,-7,7,8,30,3,23,0,2,2,16,84,5,5,0,77
Good,59,278,1,135,32,2,2,71,4,0,2,34,2,15,0,1,1,3,58,8,2,0,52
Bad,73,55,9,33,7,0,0,100,-7,7,8,7,1,86,0,1,0,-8,71,-8,2,-8,100
Bad,76,261,4,122,18,0,0,100,-7,5,8,18,2,44,0,2,1,43,70,3,4,2,70
Bad,70,182,2,34,7,0,0,100,-7,7,8,8,5,13,0,2,2,57,-8,4,-8,1,100
Good,91,397,36,140,21,0,0,100,-7,7,8,21,0,19,0,0,0,3,-8,1,1,0,22
Good,69,324,20,127,22,1,1,95,-8,6,6,22,0,41,0,0,0,16,64,7,3,2,73
Bad,63,129,1,50,6,3,2,75,6,3,2,12,2,33,0,4,4,17,-8,2,1,0,75
Bad,61,187,8,95,18,1,1,82,2,4,3,22,2,18,0,1,1,21,-8,5,1,0,86
Good,89,176,4,83,12,0,0,100,-7,7,8,12,2,58,0,0,0,0,-8,1,1,0,50
Bad,61,183,22,114,15,1,1,76,1,0,2,17,0,18,0,0,0,0,-8,1,-8,-8,33
Bad,65,125,9,75,14,4,1,79,16,6,3,19,1,53,0,0,0,85,-8,1,1,1,75
Bad,63,197,15,91,39,0,0,98,18,6,6,40,0,30,0,2,2,58,22,8,2,3,56
Good,72,212,11,87,20,0,0,95,1,4,6,22,1,41,0,1,1,24,56,6,4,0,100
Good,72,148,4,38,15,0,0,100,-7,7,8,15,3,33,0,4,4,16,96,4,2,1,100
Bad,72,275,12,80,4,0,0,80,9,4,6,5,0,60,0,0,0,56,58,1,2,1,75
Bad,65,267,0,101,5,1,1,100,-7,7,8,8,3,57,0,2,2,0,92,0,2,-8,67
Bad,55,270,5,89,20,0,0,76,0,4,6,21,2,14,0,2,2,51,-8,11,1,2,86
Bad,74,47,13,28,6,0,0,100,-7,7,8,7,0,43,0,0,0,-8,47,1,2,-8,100
Bad,57,108,3,55,36,1,0,93,3,3,5,45,1,27,0,2,2,75,73,7,9,6,80
Good,66,162,9,73,17,9,5,61,26,6,2,28,1,39,0,1,1,21,30,2,2,1,50
Bad,73,110,8,71,8,4,0,50,37,6,5,14,1,43,0,1,1,14,-8,1,2,1,43
Good,73,345,8,111,20,1,0,86,41,6,5,22,1,41,0,1,1,23,153,4,7,1,69
Bad,62,76,1,26,14,3,0,83,56,6,5,18,7,67,0,2,2,61,92,6,4,1,100
Good,72,295,11,84,18,1,1,95,8,0,2,19,2,53,0,0,0,24,99,2,2,0,57
Bad,63,206,2,66,19,0,0,82,6,4,6,22,4,45,0,2,2,56,39,6,2,1,75
Bad,63,201,9,82,37,0,0,84,1,4,6,38,1,26,0,0,0,36,-8,7,1,2,40
Bad,76,243,4,101,24,0,0,96,5,4,6,25,2,4,0,0,0,17,-8,7,-8,0,54
Bad,65,277,6,79,27,0,0,93,25,6,6,30,4,21,0,11,11,29,43,6,3,2,56
Bad,55,208,6,75,49,1,1,94,1,4,6,50,1,20,0,0,0,5,-8,4,3,1,41
Bad,83,282,3,65,22,0,0,95,17,6,6,22,3,55,0,1,1,0,71,0,4,0,57
Bad,73,322,34,120,17,1,1,89,1,1,3,18,0,11,0,1,1,15,-8,3,-8,0,60
Good,84,137,0,73,49,0,0,100,-7,7,8,51,2,25,0,1,1,1,-8,1,2,0,17
Good,77,154,2,71,27,0,0,100,-7,7,8,28,2,29,0,0,0,39,66,5,3,0,62
Good,64,31,3,14,6,0,0,100,-7,7,8,6,2,17,0,2,2,68,-8,5,1,1,100
Good,86,203,3,76,17,0,0,100,-7,7,8,17,2,24,0,0,0,4,70,4,3,0,58
Bad,63,378,10,84,36,1,1,89,10,4,4,37,2,54,0,2,2,60,67,4,6,3,77
Good,89,135,19,80,30,0,0,100,-7,7,8,30,0,17,0,0,0,0,-8,1,1,0,22
Bad,68,178,3,73,27,0,0,90,23,6,6,30,4,52,0,0,0,73,69,3,3,1,86
Bad,65,56,1,35,37,0,0,100,-7,7,8,39,3,13,0,0,0,65,93,15,2,8,62
Bad,63,85,2,27,4,1,1,83,4,4,4,7,4,83,0,0,0,3,100,1,2,-8,100
Good,63,363,13,138,21,0,0,88,1,4,6,24,0,25,0,0,0,52,53,7,1,3,73
Good,76,308,42,135,10,1,1,92,18,5,2,13,0,31,0,0,0,1,-8,1,-8,0,33
Good,79,238,7,92,23,0,0,96,59,6,6,23,1,22,0,0,0,31,49,8,3,0,61
Bad,71,151,2,34,10,0,0,100,-7,7,8,12,7,25,0,4,4,53,-8,6,-8,1,67
Good,76,158,2,73,25,0,0,100,-7,7,8,27,2,19,0,2,2,23,-8,6,3,1,64
Good,84,332,1,152,33,0,0,100,-7,7,8,35,2,29,0,2,2,3,73,2,3,0,39
Good,88,135,67,85,4,0,0,100,-7,7,8,4,0,50,0,1,1,0,-8,0,-8,0,0
Bad,75,160,2,82,46,0,0,100,-7,7,8,48,2,17,0,3,3,19,-8,10,3,1,41
Good,81,311,6,80,22,0,0,100,-7,7,8,23,1,9,0,0,0,24,-8,5,1,1,67
Good,72,103,8,45,20,0,0,100,-7,7,8,21,2,52,0,1,1,71,90,1,3,1,80
Bad,69,74,72,73,2,1,1,100,-7,6,8,2,0,100,0,0,0,-8,4,-8,1,-8,100
Good,73,111,4,30,18,0,0,100,-7,7,8,20,3,50,0,5,5,27,68,2,6,0,80
Good,76,163,15,66,47,0,0,100,-7,7,8,47,0,21,0,4,4,9,82,5,6,1,58
Bad,64,480,15,92,31,1,1,94,3,0,2,33,0,15,0,0,0,86,-8,9,1,2,91
Good,77,127,6,54,27,0,0,100,-7,7,8,27,1,41,0,0,0,33,34,4,8,1,63
Good,67,256,4,67,23,0,0,96,5,4,6,23,4,39,0,0,0,9,79,7,4,3,92
Bad,64,144,10,54,19,0,0,85,4,4,6,21,1,55,0,2,2,44,44,5,3,0,89
Bad,82,127,2,87,33,0,0,97,-8,6,6,34,3,35,0,1,1,6,-8,2,1,0,50
Good,87,324,37,104,16,0,0,100,-7,7,8,16,0,0,0,0,0,5,-8,2,-8,0,14
Bad,76,166,10,55,35,0,0,100,-7,7,8,36,3,19,0,2,2,25,-8,6,1,1,47
Good,77,240,9,78,20,0,0,100,-7,7,8,20,1,45,0,0,0,34,67,4,2,2,60
Bad,64,62,5,42,10,0,0,100,-7,7,8,10,1,0,0,2,2,84,-8,8,-8,4,80
Bad,66,99,7,51,27,2,2,85,28,6,6,29,3,15,0,0,0,36,61,10,2,1,63
Good,69,115,7,52,18,4,2,82,23,6,3,22,2,18,0,0,0,23,93,5,2,1,41
Bad,55,176,14,68,17,1,1,89,2,4,6,20,0,42,0,3,3,84,44,6,2,4,80
Bad,62,193,3,78,15,2,2,100,-7,6,8,16,2,40,0,3,3,99,38,5,2,3,100
Good,85,377,3,121,45,0,0,100,-7,7,8,46,2,46,0,0,0,20,83,6,2,0,67
Bad,65,360,14,67,10,1,1,55,17,5,3,11,0,45,0,0,0,49,-8,2,1,-8,60
Bad,76,145,16,90,5,1,1,86,60,6,4,7,0,29,0,0,0,0,22,1,1,-8,67
Good,86,363,2,180,26,0,0,97,-7,5,7,29,1,28,0,0,0,3,52,3,1,1,45
Bad,68,115,12,59,15,0,0,93,4,4,6,15,0,53,0,4,4,39,22,2,2,0,67
Good,54,151,4,66,28,2,2,94,2,1,2,31,2,29,0,0,0,39,36,8,2,2,100
Good,86,380,3,138,23,0,0,100,-7,7,8,23,1,13,0,1,1,5,99,3,2,0,42
Bad,74,119,11,39,4,0,0,100,-7,7,8,4,1,75,0,0,0,64,75,1,2,0,100
Bad,55,39,2,17,21,0,0,96,-7,5,7,23,7,26,0,2,2,64,77,9,4,0,78
Bad,55,584,13,172,17,0,0,76,4,4,6,17,0,24,0,8,8,61,72,8,1,1,100
Bad,59,170,2,69,40,1,0,87,4,3,5,46,5,41,0,0,0,38,54,11,5,3,77
Good,87,254,21,92,26,0,0,100,-7,7,8,26,0,23,0,1,1,0,-8,2,2,0,40
Good,70,221,3,66,46,0,0,98,68,6,6,47,5,6,0,1,1,48,-8,3,-8,2,18
Bad,60,65,17,37,10,0,0,91,-7,5,7,11,0,55,0,0,0,99,38,5,2,2,100
Good,81,279,15,94,44,0,0,98,-8,6,6,47,0,36,0,0,0,19,56,7,2,0,64
Bad,61,34,8,16,5,1,1,100,-7,6,8,5,2,60,0,0,0,95,56,2,2,2,100
Bad,64,49,4,24,11,0,0,100,-7,7,8,11,2,27,0,0,0,79,-8,6,1,6,88
Good,73,259,1,76,27,1,1,100,-7,7,8,30,7,24,0,1,1,40,100,5,2,0,78
Good,84,245,5,103,17,0,0,100,-7,7,8,17,3,24,0,1,1,16,37,1,2,0,30
Bad,73,105,5,71,24,0,0,92,38,6,6,25,3,4,0,0,0,47,-8,4,1,4,38
Good,79,252,12,99,22,0,0,96,59,6,6,23,0,52,0,0,0,34,70,7,2,1,100
Good,81,151,19,82,21,1,0,95,-8,6,5,22,0,23,0,0,0,1,46,1,4,0,100
Bad,76,258,17,127,10,0,0,80,17,6,6,10,0,20,0,0,0,40,-8,1,1,1,22
Bad,59,101,2,47,32,0,0,97,43,6,6,33,7,33,0,1,1,38,81,7,4,2,58
Good,81,312,5,99,13,0,0,100,-7,7,8,14,1,29,0,0,0,42,-8,3,1,1,80
Good,86,143,2,55,12,0,0,100,-7,7,8,13,2,23,0,1,1,8,-8,4,1,0,56
Bad,66,99,6,58,25,1,0,85,21,5,5,26,1,62,0,0,0,49,47,3,4,2,64
Good,75,163,8,79,44,0,0,98,63,7,6,46,2,35,0,0,0,24,96,4,3,0,47
Bad,65,180,2,81,7,2,0,73,15,6,5,11,2,18,0,0,0,81,-8,2,1,1,100
Bad,65,220,4,95,35,0,0,94,10,4,6,35,1,26,0,0,0,53,-8,7,2,1,63
Bad,63,204,2,79,21,4,4,85,38,6,2,26,2,73,0,2,2,77,79,4,3,2,70
Good,62,185,8,67,38,0,0,95,7,4,6,38,2,24,0,0,0,19,-8,8,1,4,60
Bad,67,223,4,88,26,0,0,100,-7,7,8,26,2,38,0,1,1,77,70,6,7,2,88
Bad,64,25,1,9,5,1,1,100,-7,7,8,7,4,17,0,1,1,8,-8,2,1,0,75
Bad,82,123,13,63,17,0,0,100,-7,7,8,20,0,55,0,0,0,55,63,2,3,0,100
Good,59,21,1,8,4,1,1,100,-7,0,8,7,5,33,0,0,0,11,93,2,2,0,80
Bad,56,180,9,86,15,2,2,72,10,4,3,18,3,78,0,2,2,101,91,2,6,1,100
Good,66,38,1,21,9,1,1,100,-7,7,8,11,3,20,0,4,4,24,-8,4,-8,1,75
Bad,67,245,27,110,20,0,0,87,10,4,6,23,0,17,0,0,0,40,6,6,2,1,64
Good,74,199,1,47,31,0,0,100,-7,7,8,33,5,27,0,2,2,17,66,4,3,1,54
Good,84,186,15,71,15,0,0,100,-7,7,8,15,0,27,0,0,0,13,75,1,2,0,50
Good,70,88,16,48,12,0,0,100,-7,7,8,12,0,8,0,1,1,79,89,7,1,2,89
Bad,65,145,4,46,36,0,0,94,80,5,6,36,4,31,0,1,1,61,74,13,6,5,84
Bad,57,121,12,63,7,4,4,70,57,0,2,11,0,60,0,0,0,38,78,1,3,0,100
Bad,69,208,5,61,48,1,1,98,36,6,3,53,6,26,0,3,3,78,93,8,4,3,75
Bad,61,270,2,38,17,0,0,100,-7,7,8,22,7,9,0,1,1,42,71,8,2,4,59
Good,90,205,45,104,11,0,0,100,-7,7,8,11,0,18,0,0,0,0,-8,1,-8,0,25
Bad,70,331,22,116,20,0,0,95,63,6,6,22,0,23,0,3,3,65,-8,8,1,2,82
Good,81,243,1,89,41,0,0,100,-7,7,8,44,9,27,0,7,6,1,39,7,4,0,50
Bad,69,60,17,31,16,0,0,100,-7,7,8,16,0,13,0,1,1,76,-8,8,1,7,69
Bad,58,25,1,10,3,0,0,100,-7,7,8,4,3,25,0,4,4,85,-8,1,1,1,75
Bad,63,78,1,35,5,0,0,83,4,4,6,6,1,67,0,2,1,-8,82,1,2,1,100
Bad,64,46,13,28,4,0,0,100,-7,7,8,4,0,75,0,0,0,-8,-8,-8,1,-8,100
Bad,59,75,4,43,22,0,0,96,18,5,6,23,2,30,0,7,7,59,82,14,4,2,90
Bad,58,53,4,21,12,0,0,100,-7,7,8,12,3,33,0,3,3,93,96,5,1,2,75
Good,75,288,10,132,36,0,0,100,-7,5,8,36,2,19,0,0,0,32,-8,11,1,2,62
Good,71,279,4,60,27,0,0,100,-7,7,8,28,4,36,0,0,0,73,83,2,3,1,71
Bad,57,191,13,99,20,1,1,65,0,0,2,23,0,26,0,0,0,27,66,4,2,0,50
Good,81,170,11,67,34,0,0,100,-7,7,8,35,1,46,0,8,8,4,79,2,3,0,42
Bad,74,167,4,63,17,0,0,94,31,6,6,17,2,41,0,2,2,38,91,4,3,2,78
Bad,84,213,13,114,27,0,0,100,-7,7,8,30,0,7,0,0,0,26,65,4,2,0,75
Bad,86,194,6,106,17,0,0,94,49,6,6,17,2,18,0,1,1,22,-8,3,1,0,40
Good,84,270,12,104,33,0,0,100,-7,7,8,33,0,36,0,3,3,0,84,1,3,0,31
Bad,69,167,12,60,9,3,3,90,31,6,2,10,0,20,0,0,0,84,18,2,1,2,60
Bad,81,397,35,108,21,0,0,100,-7,7,8,21,0,14,0,2,2,23,-8,13,-8,1,81
Bad,64,182,6,43,18,0,0,61,13,6,6,19,2,33,0,0,0,38,-8,5,1,2,55
Bad,57,104,5,52,26,0,0,88,5,4,6,26,3,31,0,3,3,36,58,10,2,1,86
Bad,83,350,10,101,32,0,0,97,-8,6,6,32,1,19,0,0,0,2,61,3,4,0,54
Bad,69,57,4,37,14,0,0,100,-7,7,8,14,1,50,0,4,4,52,152,6,7,2,100
Good,61,380,1,108,47,0,0,98,-8,6,6,55,7,16,0,7,7,39,-8,11,4,5,53
Bad,62,96,4,62,8,1,1,56,3,4,2,9,1,22,0,0,0,6,-8,1,1,0,33
Bad,63,71,12,41,18,0,0,100,-7,7,8,18,0,22,0,1,1,92,25,11,2,6,100
Good,65,521,10,159,36,0,0,90,3,4,6,39,1,41,0,0,0,19,85,7,2,0,64
Good,77,260,4,97,29,0,0,97,40,6,6,30,2,13,0,0,0,36,-8,3,-8,0,33
Bad,67,96,15,63,20,0,0,75,2,4,6,20,0,55,0,0,0,4,78,3,3,0,60
Bad,86,216,6,95,26,0,0,97,73,6,6,29,1,28,0,0,0,1,65,3,3,0,55
Bad,60,15,5,11,7,1,1,100,-7,7,8,8,3,29,0,1,1,64,-8,2,1,-8,75
Bad,79,97,3,56,19,0,0,100,-7,7,8,20,1,30,0,3,3,12,13,2,2,0,83
Bad,64,170,8,63,16,2,2,79,13,6,2,20,1,53,0,0,0,27,57,2,4,-8,100
Bad,55,137,7,67,13,1,1,79,1,0,2,14,1,21,0,9,8,26,89,2,2,0,71
Good,70,156,8,81,20,5,4,95,39,6,5,21,1,67,0,8,8,11,53,2,4,0,60
Good,83,147,2,51,22,0,0,100,-7,7,8,23,3,26,0,0,0,5,86,3,3,0,60
Bad,59,52,13,30,10,1,0,73,7,3,5,11,0,45,0,1,1,46,122,1,4,-8,56
Good,79,175,2,66,42,0,0,100,-7,7,8,43,6,16,0,1,1,3,96,4,2,1,27
Bad,59,183,47,133,2,4,4,40,13,6,2,7,0,20,0,1,1,-8,-8,-8,1,-8,100
Bad,76,42,18,27,7,0,0,100,-7,7,8,7,0,71,0,1,1,30,-8,1,3,0,80
Good,63,294,16,146,11,4,1,59,8,4,4,17,0,18,0,0,0,34,-8,7,1,1,67
Bad,62,84,8,46,23,0,0,96,17,6,6,24,1,29,0,0,0,54,39,5,2,3,70
Bad,56,148,12,59,13,2,2,75,1,0,2,16,0,63,0,1,1,86,4,3,2,1,71
Good,76,222,2,80,34,0,0,97,30,6,6,36,3,22,0,4,4,6,62,6,5,0,55
Good,67,192,1,127,15,1,0,68,9,3,5,19,1,21,0,2,2,18,-8,4,1,0,83
Good,72,157,1,66,48,0,0,96,22,6,6,53,6,17,0,1,1,16,87,5,4,2,39
Bad,56,36,5,17,18,0,0,100,-7,7,8,18,10,22,0,3,3,51,93,9,4,3,82
Bad,77,187,15,74,37,0,0,100,-7,7,8,37,0,14,0,0,0,35,-8,4,1,2,38
Good,64,25,2,14,5,0,0,83,3,4,6,6,2,50,0,1,1,4,59,1,3,0,80
Bad,58,139,16,87,14,1,0,75,2,3,5,16,0,50,0,2,2,84,-8,7,1,1,100
Bad,59,179,11,40,28,0,0,100,-7,7,8,28,3,11,0,1,1,62,65,8,1,4,75
Good,65,133,5,41,17,0,0,94,5,4,6,17,5,53,0,1,1,43,90,2,4,1,67
Bad,80,250,1,76,10,0,0,92,-8,6,6,12,1,33,0,2,2,4,7,3,3,1,75
Bad,67,135,0,71,29,0,0,94,80,6,6,33,4,9,0,8,8,35,69,10,1,2,46
Bad,72,257,8,69,20,0,0,100,-7,7,8,20,1,45,0,0,0,74,55,3,4,2,88
Bad,86,263,39,109,11,0,0,100,-7,7,8,11,0,27,0,1,1,11,-8,2,1,0,50
Bad,64,175,7,72,23,0,0,100,-7,7,8,24,1,13,0,2,2,77,75,10,1,6,71
Good,80,277,5,106,16,0,0,88,9,4,6,17,3,24,0,0,0,5,95,3,2,0,45
Bad,70,72,1,43,21,0,0,91,15,6,6,22,2,27,0,0,0,22,31,3,3,1,50
Good,82,180,37,106,16,0,0,94,35,6,6,16,0,13,0,2,2,3,-8,2,1,0,38
Bad,61,350,5,92,33,2,0,86,1,3,5,36,5,25,0,1,1,43,74,6,3,1,53
Bad,59,282,12,74,24,0,0,92,2,4,6,25,0,32,0,0,0,74,97,6,3,2,82
Bad,59,45,11,31,10,2,1,73,11,3,4,15,1,20,0,0,0,14,-8,6,1,0,88
Good,89,167,26,92,16,0,0,100,-7,7,8,16,0,38,0,0,0,1,44,1,2,0,60
Bad,70,166,7,86,19,0,0,95,20,6,6,20,1,40,0,0,0,59,79,5,3,1,73
Bad,75,113,97,105,2,0,0,100,-7,7,8,2,0,0,0,0,0,101,-8,2,-8,1,100
Bad,63,129,6,51,13,0,0,85,1,4,6,13,3,46,0,3,2,43,2,4,2,0,75
Bad,60,101,8,34,20,1,0,81,8,4,5,21,2,67,0,0,0,30,89,1,8,1,82
Bad,66,346,5,90,30,1,0,94,24,6,2,31,5,26,0,3,3,65,86,7,3,6,79
Bad,59,220,2,70,29,0,0,97,4,4,6,30,2,47,0,0,0,55,89,4,3,3,70
Good,72,285,1,76,52,0,0,96,19,6,6,53,7,13,0,3,3,13,58,4,3,1,25
Good,82,172,0,71,23,0,0,100,-7,7,8,24,4,54,0,1,1,4,81,4,3,0,70
Bad,77,516,14,110,10,0,0,90,14,6,6,10,0,30,0,1,1,55,79,3,2,1,86
Good,75,90,4,40,20,0,0,95,79,6,6,20,5,15,0,0,0,26,96,10,2,0,75
Bad,84,447,17,118,20,0,0,95,14,6,6,20,0,40,0,1,1,12,-8,5,1,0,75
Good,82,357,22,139,27,0,0,97,64,6,6,30,0,37,0,0,0,0,-8,2,1,0,57
Bad,82,241,4,95,33,0,0,100,-7,7,8,33,4,6,0,2,2,2,-8,4,2,0,43
Bad,56,324,2,100,39,0,0,95,15,6,6,42,2,14,0,4,4,94,-8,20,1,18,85
Bad,75,209,1,59,27,0,0,100,-7,7,8,28,4,29,0,3,3,21,71,5,3,1,89
Bad,77,264,4,78,35,0,0,100,-7,7,8,35,7,6,0,2,1,11,-8,6,2,2,47
Good,88,270,34,118,25,0,0,100,-7,7,8,29,0,52,0,1,1,0,51,0,4,-8,57
Good,62,323,1,104,14,7,7,100,-7,0,8,24,2,18,0,1,1,4,100,3,1,0,36
Good,68,179,11,101,24,0,0,92,47,6,6,24,1,29,0,2,2,62,82,8,2,2,73
Bad,57,60,35,46,4,5,5,75,42,6,6,9,0,50,0,1,1,9,93,2,1,0,100
Bad,66,58,5,20,10,0,0,90,25,6,6,10,4,20,0,6,5,31,91,4,1,1,56
Bad,77,275,0,63,15,1,0,89,29,6,5,18,4,22,0,2,2,18,-8,4,1,0,56
Good,87,155,4,70,35,0,0,100,-7,7,8,36,1,19,0,0,0,2,-8,2,1,0,20
Good,68,298,1,131,74,0,0,95,3,4,6,78,3,59,0,5,4,2,22,3,23,0,70
Good,88,414,18,117,28,0,0,100,-7,7,8,28,0,18,0,0,0,1,92,1,2,0,60
Bad,76,177,1,44,24,1,0,96,22,6,5,26,3,15,0,1,1,5,76,4,3,0,37
Bad,73,181,3,59,22,0,0,100,-7,7,8,22,2,41,0,0,0,56,54,6,5,1,79
Bad,67,176,5,79,22,2,0,83,61,6,5,24,4,21,0,0,0,61,95,7,2,2,90
Good,87,359,13,125,18,0,0,100,-7,7,8,18,0,33,0,0,0,1,51,3,3,0,50
Good,80,381,2,90,23,0,0,92,33,6,6,24,2,33,0,1,1,3,84,3,3,0,50
Bad,59,132,34,80,11,3,0,47,2,3,5,17,0,41,0,2,2,2,-8,2,1,0,67
Good,75,28,2,16,3,0,0,100,-7,7,8,4,2,25,0,1,1,36,49,3,1,0,100
Good,66,197,10,73,28,0,0,90,5,4,6,29,2,24,0,1,1,12,-8,7,1,1,57
Bad,62,153,3,68,27,1,1,86,1,2,4,28,3,25,0,2,2,22,30,7,3,2,50
Good,71,483,5,127,24,1,1,96,17,6,6,25,4,4,0,0,0,37,90,5,1,2,43
Bad,56,78,8,40,14,2,2,81,5,4,6,18,3,19,0,0,0,22,89,2,2,1,50
Bad,65,139,3,67,27,0,0,93,7,4,6,28,3,21,0,1,1,54,48,9,1,4,77
Bad,63,44,14,30,5,0,0,80,9,4,6,5,0,80,0,9,9,68,85,1,1,0,100
Good,61,150,9,36,5,0,0,83,11,4,6,6,2,33,0,0,0,69,74,3,2,1,100
Bad,58,92,7,34,11,0,0,92,50,6,6,12,1,58,0,1,1,70,78,2,3,1,83
Bad,69,77,8,45,28,0,0,100,-7,7,8,29,3,38,0,0,0,39,72,4,5,0,75
Bad,73,273,5,100,23,2,2,88,37,6,2,25,2,46,0,0,0,0,82,1,2,0,50
Bad,75,172,2,47,10,0,0,100,-7,7,8,11,5,18,0,1,1,32,-8,5,-8,1,83
Good,78,167,0,72,46,0,0,98,78,6,6,49,3,41,0,4,4,13,60,7,8,1,75
Good,76,222,4,85,47,0,0,100,-7,7,8,47,2,28,0,0,0,37,59,4,4,0,53
Bad,57,126,1,53,40,2,1,95,12,0,5,44,2,28,0,2,2,84,59,8,8,4,73
Bad,64,30,5,19,6,1,0,86,14,6,5,7,1,57,0,1,1,-8,92,-8,3,-8,100
Bad,58,89,3,49,15,1,1,67,24,6,6,16,2,20,0,1,1,68,61,9,1,1,83
Bad,59,58,18,28,5,1,1,67,9,0,2,6,0,67,0,0,0,99,-8,1,1,1,100
Bad,66,173,5,89,2,0,0,50,65,6,6,2,1,50,0,13,12,66,98,1,1,-8,100
Bad,61,229,21,114,20,3,1,68,8,4,4,25,0,36,0,2,2,63,86,6,3,1,90
Bad,66,19,5,11,5,0,0,100,-7,7,8,5,3,40,0,2,2,66,80,3,2,0,100
Bad,67,189,13,111,8,4,4,70,68,6,3,10,0,50,0,1,1,97,-8,1,1,1,100
Good,68,175,4,48,27,0,0,100,-7,7,8,29,4,28,0,1,1,54,44,7,3,1,83
Bad,64,150,3,40,24,2,2,100,-7,6,8,24,10,25,0,0,0,53,57,11,3,4,82
Bad,77,131,3,76,23,0,0,100,-7,7,8,24,3,17,0,3,3,19,-8,6,-8,0,44
Bad,66,145,8,81,13,1,1,71,15,6,2,14,1,36,0,1,0,0,64,0,3,-8,60
Bad,68,154,4,62,16,1,1,94,65,6,2,18,4,22,0,4,4,42,75,9,2,2,85
Bad,64,180,3,48,13,1,1,92,41,6,6,14,3,62,0,1,1,75,31,2,4,1,86
Bad,77,157,2,86,2,0,0,67,21,6,6,3,1,67,0,0,0,10,-8,1,1,-8,100
Bad,78,161,6,70,18,0,0,90,14,6,6,20,1,30,0,0,0,1,67,3,3,0,64
Bad,70,310,2,58,16,0,0,100,-7,7,8,17,5,12,0,4,4,62,-8,6,1,2,88
Bad,78,168,4,68,18,0,0,100,-7,7,8,18,2,33,0,0,0,22,47,5,2,0,70
Good,73,99,2,50,18,1,1,100,-7,7,8,21,2,20,0,3,3,1,-8,3,1,0,57
Good,82,176,18,107,40,0,0,100,-7,7,8,40,0,35,0,0,0,0,75,2,2,1,21
Bad,82,177,5,54,25,0,0,96,-8,6,6,26,4,42,0,1,1,9,77,4,2,0,75
Bad,71,227,7,81,24,1,0,80,3,3,5,25,3,8,0,1,1,4,89,2,2,0,33
Bad,79,21,1,11,1,0,0,100,-7,7,8,2,1,50,0,0,0,0,-8,0,1,-8,50
Good,88,309,22,86,9,0,0,100,-7,7,8,10,0,10,0,1,1,9,-8,2,-8,0,40
Bad,70,389,3,81,64,0,0,98,24,6,6,66,3,26,0,6,5,67,57,32,5,7,93
Bad,75,233,4,96,12,0,0,92,2,4,6,12,5,17,0,8,8,6,-8,2,2,0,50
Good,81,368,2,82,51,0,0,100,-7,7,8,52,6,19,0,3,3,7,58,4,2,0,32
Bad,65,106,4,71,9,5,4,54,29,6,2,14,2,31,0,1,1,10,-8,2,1,0,60
Bad,68,144,12,68,24,2,1,85,6,3,2,28,0,15,0,1,1,38,28,8,1,0,83
Bad,62,233,7,72,8,1,0,78,47,6,5,9,2,44,0,0,0,95,85,3,2,3,100
Bad,72,206,4,78,33,0,0,97,4,4,6,34,8,29,0,7,6,22,68,10,3,1,81
Bad,81,179,16,99,16,0,0,100,-7,7,8,19,0,26,0,0,0,26,-8,2,1,1,60
Bad,68,60,6,38,11,1,0,83,21,6,5,12,1,17,0,1,1,57,-8,5,1,2,67
Bad,66,153,8,52,29,0,0,100,-7,7,8,29,1,14,0,0,0,61,79,5,1,4,43
Bad,65,38,14,28,5,2,2,100,-7,6,8,5,0,40,0,2,2,99,40,1,2,1,100
Bad,62,192,5,38,22,0,0,100,-7,7,8,22,2,9,0,3,3,65,-8,15,-8,7,79
Bad,70,55,45,50,2,0,0,100,-7,7,8,2,0,50,0,3,3,92,-8,1,-8,-8,100
Bad,61,119,5,60,8,1,1,78,8,4,3,9,1,67,0,0,0,115,78,1,2,1,75
Bad,71,295,26,102,20,1,0,91,11,4,2,22,0,27,0,1,1,53,58,2,2,0,67
Bad,66,139,11,80,7,0,0,100,-7,7,8,8,1,25,0,0,0,86,-8,2,1,2,100
Bad,57,81,2,47,13,1,1,79,13,6,6,15,1,64,0,1,1,48,19,5,4,0,100
Good,90,113,104,107,4,0,0,100,-7,7,8,4,0,0,0,1,1,5,-8,2,-8,0,75
Bad,73,169,6,105,20,0,0,95,21,6,6,21,1,14,0,0,0,39,21,2,2,0,57
Bad,55,343,6,101,44,1,1,96,2,1,3,47,2,28,0,1,1,86,54,13,7,9,84
Bad,59,168,3,38,21,0,0,100,-7,7,8,21,12,38,0,1,1,85,90,10,5,4,94
Good,77,143,11,74,21,0,0,100,-7,7,8,22,1,23,0,1,1,13,15,5,2,1,80
Bad,70,149,4,72,24,2,1,93,6,4,4,29,6,55,0,0,0,24,106,2,8,0,67
Bad,71,114,12,66,39,0,0,96,1,4,6,46,0,41,0,0,0,17,81,6,7,1,50
Good,75,416,4,167,7,2,2,89,28,5,2,10,2,33,0,1,1,8,57,5,2,0,88
Bad,70,142,9,47,16,0,0,100,-7,7,8,16,4,19,0,2,2,30,55,4,2,1,55
Bad,58,353,10,151,42,1,1,95,1,2,4,44,1,30,0,1,1,19,56,9,4,1,56
Bad,60,169,3,83,18,3,2,81,5,4,2,21,1,29,0,0,0,83,53,3,4,1,89
Good,80,149,3,52,16,0,0,100,-7,7,8,16,2,63,0,1,1,26,83,1,4,0,83
Good,79,140,15,70,24,1,0,96,18,6,5,25,0,32,0,3,1,0,74,0,2,0,22
Bad,66,138,7,72,4,4,4,50,45,6,2,8,1,25,0,1,1,46,-8,1,1,0,100
Bad,56,135,12,74,34,1,0,91,3,4,5,35,0,20,0,9,9,55,48,8,3,3,61
Bad,63,320,12,88,13,1,1,79,2,2,4,14,0,29,0,0,0,17,-8,3,1,0,36
Good,77,188,2,57,34,0,0,100,-7,7,8,38,3,24,0,9,9,4,70,3,3,0,35
Bad,72,85,6,52,10,0,0,100,-7,7,8,11,1,18,0,4,4,49,-8,2,1,1,50
Good,62,128,4,57,16,4,2,71,5,4,2,21,2,33,0,0,0,48,39,8,2,1,100
Bad,61,358,9,95,31,0,0,91,10,4,6,33,1,39,0,0,0,70,-8,10,1,2,85
Bad,74,312,1,73,29,0,0,97,-8,6,6,30,4,17,0,3,3,14,87,3,1,1,27
Bad,61,114,16,59,3,3,1,25,3,3,4,8,0,63,0,0,0,0,77,0,2,0,40
Bad,69,217,14,93,18,0,0,80,10,4,6,20,0,45,0,5,4,20,24,4,3,1,78
Bad,59,159,11,74,2,1,1,33,11,1,3,3,1,100,0,0,0,-8,-8,-8,1,-8,100
Bad,51,106,6,65,13,0,0,78,1,4,6,18,1,56,0,0,0,87,86,5,2,3,100
Good,76,368,6,80,31,0,0,100,-7,7,8,32,3,16,0,0,0,21,50,8,2,2,65
Good,79,198,24,102,9,1,1,90,54,6,2,10,0,40,0,0,0,1,-8,2,1,0,43
Bad,68,293,2,65,15,2,2,100,-7,6,8,16,3,50,0,1,0,86,61,5,2,3,88
Good,63,218,3,90,13,1,0,74,58,6,5,19,3,26,0,1,1,56,84,5,3,1,89
Good,87,302,14,151,20,0,0,100,-7,7,8,20,0,30,0,0,0,18,-8,3,2,0,50
Good,66,144,1,66,39,1,0,88,6,4,5,41,3,2,0,2,2,29,-8,6,1,1,33
Bad,61,114,4,56,6,1,1,86,3,0,2,7,3,0,0,0,0,69,-8,4,-8,1,100
Good,73,184,5,69,13,0,0,85,5,4,6,13,1,23,0,2,2,8,92,1,2,0,43
Bad,59,30,2,15,10,0,0,100,-7,7,8,12,1,25,0,3,3,62,32,6,2,3,89
Bad,86,294,9,118,16,0,0,100,-7,7,8,16,1,19,0,0,0,18,-8,2,2,0,44
Good,67,296,1,68,20,0,0,100,-7,7,8,22,5,27,0,7,7,64,-8,7,1,2,80
Bad,57,74,5,30,14,1,0,94,63,6,5,16,3,44,0,0,0,96,61,7,2,1,91
Bad,84,484,16,142,8,1,0,80,67,6,5,10,0,40,0,1,1,11,53,3,1,0,100
Bad,58,231,26,113,16,0,0,76,4,4,6,17,0,18,0,0,0,71,-8,6,1,3,78
Bad,68,319,2,127,26,0,0,93,20,6,6,28,2,29,0,0,0,29,47,9,4,2,62
Good,74,331,10,121,52,0,0,100,-7,7,8,54,1,28,0,2,2,47,90,7,2,1,53
Bad,88,229,20,102,22,0,0,100,-7,7,8,22,0,27,0,0,0,5,-8,2,1,0,50
Bad,66,136,2,40,20,0,0,100,-7,7,8,22,6,9,0,0,0,33,-8,6,1,3,64
Bad,62,226,4,79,42,0,0,98,76,6,6,42,6,21,0,1,1,50,81,13,3,4,80
Bad,64,92,3,35,21,2,2,91,33,6,6,24,5,23,0,1,1,9,58,3,4,0,53
Bad,70,67,10,25,4,0,0,100,-7,7,8,4,3,75,0,0,0,98,101,1,2,1,100
Bad,65,12,7,10,2,0,0,100,-7,7,8,2,1,50,0,1,1,103,-8,1,-8,1,100
Good,60,182,9,87,19,1,1,84,8,4,6,20,1,21,0,0,0,93,60,8,2,4,100
Bad,59,181,13,71,15,3,3,93,12,6,6,18,0,27,0,2,2,41,31,3,2,-8,71
Bad,54,39,6,19,6,7,7,100,-7,0,8,15,1,75,0,2,2,92,86,2,3,2,100
Good,87,378,17,116,17,0,0,100,-7,7,8,17,0,6,0,1,1,14,-8,6,-8,0,60
Bad,71,135,24,73,21,2,1,87,15,6,4,23,0,4,0,0,0,26,-8,4,1,1,55
Good,86,283,26,121,13,0,0,100,-7,7,8,16,0,44,0,0,0,0,82,1,1,0,40
Good,66,394,7,123,28,2,2,93,1,0,2,31,1,0,0,1,1,12,-8,6,-8,0,41
Good,73,261,4,66,31,0,0,100,-7,7,8,31,8,16,0,3,3,18,-8,7,2,1,53
Bad,74,111,2,37,8,0,0,100,-7,7,8,9,2,22,0,4,4,49,73,5,2,1,88
Bad,68,155,13,48,10,2,2,90,8,4,6,12,0,40,0,0,0,59,49,3,4,0,100
Good,75,130,1,61,20,0,0,100,-7,7,8,21,3,19,0,0,0,57,98,3,3,2,43
Good,77,101,13,63,31,0,0,100,-7,7,8,32,0,9,0,1,1,36,3,2,2,1,40
Good,83,789,6,102,41,0,0,100,-7,7,8,41,1,17,0,1,0,1,-8,3,-8,1,23
Bad,86,348,43,170,11,0,0,100,-7,7,8,11,0,18,0,1,1,23,-8,4,1,0,63
Good,71,301,17,132,13,0,0,93,4,4,6,14,0,36,0,0,0,46,-8,2,1,1,60
Bad,72,166,12,74,37,1,1,95,7,4,4,41,0,15,0,1,1,16,-8,3,1,1,26
Good,77,173,11,59,7,1,1,100,-7,7,8,8,1,43,0,0,0,69,-8,1,1,0,100
Bad,68,374,4,72,21,0,0,95,2,4,6,22,5,36,0,0,0,45,79,5,2,1,70
Bad,74,219,18,90,15,2,0,71,8,4,5,17,0,41,0,3,3,25,51,3,3,0,75
Bad,65,336,1,78,33,1,1,94,21,6,2,35,2,40,0,4,4,59,30,11,5,3,80
Bad,56,213,3,71,18,2,0,70,1,3,5,20,4,10,0,1,1,9,-8,4,1,0,56
Bad,55,223,23,107,12,2,1,79,2,4,5,15,0,36,0,0,0,86,50,4,3,2,100
Bad,65,317,5,132,12,2,1,80,10,3,2,15,4,20,0,9,7,43,90,7,2,2,100
Bad,63,274,2,94,49,0,0,94,21,6,6,52,2,10,0,1,1,43,77,19,3,5,64
Good,72,225,9,56,17,0,0,100,-7,7,8,17,5,12,0,2,2,50,-8,7,1,1,69
Bad,79,116,8,67,46,0,0,100,-7,7,8,51,2,25,0,0,0,4,28,6,2,1,45
Good,74,219,13,90,30,0,0,100,-7,7,8,30,0,33,0,2,2,28,-8,9,2,1,79
Bad,66,62,1,37,18,0,0,100,-7,7,8,22,3,5,0,1,1,64,-8,9,1,3,85
Good,73,304,3,97,54,0,0,100,-7,7,8,54,4,37,0,1,1,19,89,6,5,2,50
Bad,75,98,3,56,20,0,0,95,69,6,6,20,2,20,0,0,0,16,-8,3,-8,1,33
Bad,66,165,6,69,21,2,1,59,23,6,3,27,4,48,0,1,1,22,71,2,3,0,63
Bad,75,60,20,32,13,0,0,100,-7,7,8,13,0,31,0,4,3,40,75,1,2,1,50
Bad,80,234,4,74,23,0,0,100,-7,7,8,23,1,17,0,1,1,32,85,3,2,0,83
Bad,63,124,4,70,41,0,0,86,4,4,6,43,2,47,0,0,0,17,71,4,5,0,48
Good,73,83,2,37,24,0,0,100,-7,7,8,25,2,24,0,2,2,29,58,3,2,1,45
Good,62,190,4,80,29,1,0,74,13,5,5,31,3,45,0,1,0,60,82,6,8,1,100
Good,73,135,14,72,27,1,0,87,17,6,5,30,0,47,0,1,1,0,24,1,5,0,60
Good,82,111,18,67,4,0,0,100,-7,7,8,4,0,50,0,0,0,14,-8,1,-8,0,100
Good,86,423,25,149,14,0,0,93,-7,6,7,15,0,53,0,0,0,23,60,3,2,0,83
Bad,56,295,1,115,22,1,1,81,1,4,4,27,2,33,0,0,0,66,88,4,4,1,73
Good,67,404,19,133,17,0,0,100,-7,7,8,18,0,50,0,1,1,81,76,4,3,3,100
Good,68,261,15,104,25,0,0,96,65,6,6,25,0,24,0,1,1,78,20,7,3,4,83
Bad,68,46,12,31,11,0,0,91,13,6,6,11,0,36,0,0,0,33,56,4,2,0,86
Good,62,135,2,63,9,3,2,69,22,6,3,14,1,38,0,0,0,0,-8,0,-8,-8,0
Bad,63,59,16,29,7,0,0,71,12,6,6,7,0,29,0,1,1,64,41,4,1,1,83
Good,80,360,2,114,27,0,0,97,25,6,6,29,2,62,0,1,1,10,100,3,2,2,63
Good,69,344,3,103,24,1,0,85,9,3,5,27,2,30,0,1,1,38,70,4,3,0,73
Bad,51,91,5,27,7,2,2,75,3,0,2,9,3,63,0,4,4,76,89,3,2,1,100
Good,71,376,1,115,35,0,0,100,-7,7,8,36,2,22,0,0,0,32,4,9,3,2,59
Bad,68,108,3,58,15,0,0,81,23,6,6,16,1,25,0,0,0,31,78,4,3,1,70
Bad,60,171,37,85,24,0,0,76,13,6,6,25,0,40,0,2,2,86,38,7,2,3,100
Good,88,164,3,87,19,0,0,100,-7,7,8,19,1,21,0,0,0,3,-8,3,1,0,80
Bad,61,43,3,23,25,0,0,100,-7,7,8,25,6,0,0,6,3,44,-8,12,-8,3,52
Bad,64,246,1,84,43,1,1,100,-7,0,8,45,9,27,0,4,4,49,100,14,3,4,63
Good,75,98,2,54,21,0,0,100,-7,7,8,24,1,13,0,1,1,36,-8,7,1,1,67
Bad,66,206,9,76,36,2,1,79,8,4,4,38,2,53,0,0,0,60,78,8,2,2,83
Good,81,167,8,77,19,0,0,95,21,6,6,20,1,30,0,1,1,11,-8,1,1,0,40
Bad,67,187,0,89,47,2,1,87,12,6,4,55,4,13,0,2,1,30,43,13,3,3,55
Bad,68,164,3,59,40,1,1,93,17,6,4,43,5,47,0,1,1,24,78,7,12,1,76
Good,57,151,22,102,4,6,6,60,80,6,2,10,0,100,0,1,1,-8,-8,-8,1,-8,100
Bad,88,367,25,170,26,0,0,100,-7,7,8,26,0,19,0,0,0,1,39,1,1,0,25
Bad,68,238,20,72,31,2,2,91,3,0,2,33,0,21,0,0,0,20,62,5,2,1,44
Bad,58,29,1,13,13,0,0,100,-7,7,8,15,8,0,0,12,12,27,-8,8,-8,3,57
Bad,67,137,1,54,15,0,0,82,38,6,6,17,1,24,0,3,2,47,-8,4,1,1,60
Bad,69,57,2,27,14,0,0,100,-7,7,8,15,5,47,0,0,0,46,97,6,2,2,89
Bad,57,198,5,49,8,2,0,77,36,6,2,13,3,38,0,1,1,94,61,4,2,3,100
Bad,68,182,17,77,24,0,0,88,4,4,6,24,0,38,0,0,0,29,75,4,3,0,58
Good,74,165,3,68,28,0,0,97,17,6,6,30,4,33,0,1,1,58,86,4,4,1,67
Bad,64,195,5,52,30,0,0,100,-7,7,8,30,5,33,0,4,3,75,-8,5,2,2,50
Bad,71,97,9,59,20,0,0,100,-7,7,8,20,1,65,0,0,0,84,77,3,6,3,75
Good,70,132,2,64,20,1,1,92,6,4,6,26,4,4,0,1,1,1,-8,1,-8,0,13
Bad,57,119,4,59,39,0,0,97,6,4,6,39,3,3,0,3,3,58,65,8,1,4,36
Bad,60,141,4,61,16,0,0,94,5,4,6,17,2,47,0,1,1,64,56,9,3,2,100
Bad,67,234,3,96,43,0,0,100,-7,7,8,43,3,12,0,1,1,79,24,23,4,11,87
Bad,69,138,68,92,6,0,0,83,17,6,6,6,0,50,0,0,0,84,-8,1,1,1,100
Bad,60,79,6,32,18,0,0,100,-7,7,8,19,6,26,0,4,4,20,100,6,2,1,57
Bad,68,18,18,18,2,0,0,100,-7,7,8,2,0,100,0,0,0,-8,-8,-8,1,-8,100
Good,86,307,24,131,14,0,0,100,-7,7,8,15,0,0,0,0,0,10,-8,2,-8,0,29
Bad,76,137,3,62,31,1,1,91,13,6,3,33,5,36,0,0,0,9,-8,4,1,0,36
Bad,77,239,7,116,20,0,0,95,-8,6,6,21,1,19,0,1,1,34,-8,1,1,1,22
Good,79,288,7,92,33,0,0,97,7,4,6,37,2,24,0,2,2,2,69,4,3,0,32
Good,69,369,12,132,20,0,0,80,2,4,6,20,0,15,0,0,0,23,31,7,2,0,64
Bad,64,242,3,70,21,1,1,95,8,0,6,22,1,43,0,1,1,58,87,5,3,2,89
Bad,62,104,1,53,28,0,0,93,2,4,6,30,5,60,0,6,6,10,77,4,4,2,73
Bad,60,75,4,30,28,0,0,100,-7,7,8,29,6,41,0,4,3,83,96,9,2,3,92
Good,75,178,4,62,38,0,0,95,53,6,6,39,2,15,0,1,1,15,-8,6,-8,1,43
Bad,61,163,1,46,22,0,0,96,33,6,6,23,4,35,0,4,4,87,76,7,3,4,67
Bad,73,420,97,208,7,0,0,88,64,6,6,8,0,25,0,0,0,76,-8,3,-8,2,75
Bad,83,144,18,68,13,0,0,100,-7,7,8,13,0,23,0,0,0,3,-8,3,-8,0,100
Bad,63,97,5,53,17,0,0,88,18,6,6,18,2,18,0,4,4,65,79,3,1,1,44
Bad,72,119,1,33,19,0,0,100,-7,7,8,20,3,40,0,0,0,37,-8,9,2,0,85
Bad,79,304,3,111,31,0,0,97,51,6,6,31,2,13,0,2,2,19,96,8,2,1,59
Good,82,356,4,85,34,0,0,100,-7,7,8,34,3,21,0,1,1,2,-8,5,1,0,35
Good,74,246,0,107,30,0,0,100,-7,5,8,32,3,13,0,1,1,47,79,17,2,2,71
Bad,61,149,13,75,4,4,4,100,-7,7,8,8,0,50,0,0,0,-8,89,-8,2,-8,100
Bad,63,298,5,116,11,2,1,62,6,4,2,13,2,46,0,0,0,41,55,5,4,0,100
Bad,65,291,10,91,28,0,0,71,5,4,6,28,1,11,0,0,0,8,-8,7,1,1,40
Bad,69,237,5,76,47,1,1,100,-7,6,8,52,2,27,0,0,0,8,-8,5,1,1,60
Bad,67,176,8,59,29,0,0,100,-7,7,8,29,1,66,0,3,3,95,76,3,6,2,82
Bad,58,71,4,44,4,1,0,60,57,6,5,5,2,60,0,0,0,99,-8,1,1,1,100
Good,85,419,9,204,11,0,0,100,-7,7,8,11,1,27,0,0,0,6,-8,3,1,1,67
Good,92,279,1,167,4,0,0,100,-7,7,8,5,1,0,0,0,0,4,-8,2,-8,0,100
Good,89,315,13,90,13,0,0,100,-7,7,8,13,0,15,0,0,0,6,85,1,1,0,33
Bad,68,150,3,67,20,0,0,90,6,4,6,20,4,60,0,3,3,69,71,3,3,1,75
Good,87,405,19,124,25,0,0,100,-7,7,8,25,0,20,0,0,0,9,-8,4,1,1,63
Good,87,253,0,92,13,0,0,93,58,6,6,15,2,33,0,0,0,0,-8,0,1,0,20
Bad,56,247,3,57,27,0,0,82,4,4,6,28,3,46,0,1,1,88,99,4,2,3,86
Good,88,214,4,114,31,0,0,100,-7,7,8,31,2,13,0,1,1,16,-8,2,1,0,19
Bad,60,147,2,107,7,6,6,89,78,0,2,12,1,33,0,6,5,1,-8,1,-8,1,50
Bad,71,164,10,81,12,0,0,100,-7,7,8,12,1,33,0,1,0,83,40,5,2,2,78
Good,84,317,2,132,26,0,0,100,-7,7,8,27,2,22,0,0,0,16,51,5,3,1,57
Good,64,169,2,76,64,0,0,98,-8,6,6,66,4,21,0,1,1,53,-8,15,2,4,62
Bad,61,189,5,101,18,0,0,83,6,4,6,18,1,39,0,4,4,60,-8,4,1,1,71
Good,87,129,2,77,15,0,0,100,-7,7,8,16,2,19,0,0,0,6,-8,3,1,0,40
Bad,62,146,14,61,10,2,2,82,18,6,6,12,0,55,0,2,2,50,-8,4,1,2,100
Bad,81,112,2,55,17,0,0,100,-7,7,8,19,1,47,0,1,1,24,-8,1,2,1,33
Good,75,129,18,64,28,0,0,100,-7,7,8,28,0,25,0,0,0,59,-8,2,5,1,58
Good,74,151,13,66,45,0,0,100,-7,7,8,46,0,9,0,0,0,19,-8,7,1,3,50
Good,68,266,3,71,32,1,1,91,1,2,4,34,5,26,0,4,4,13,96,5,3,0,65
Bad,57,75,8,33,17,0,0,88,2,4,6,17,1,18,0,0,0,32,-8,3,1,2,44
Good,63,112,7,45,37,0,0,100,-7,7,8,37,9,5,0,2,2,25,-8,10,-8,1,56
Good,76,348,7,119,29,0,0,100,-7,7,8,29,1,28,0,0,0,33,89,10,2,1,65
Good,55,193,9,64,24,0,0,92,4,4,6,24,2,17,0,1,1,78,10,11,3,6,88
Bad,68,144,2,41,19,0,0,100,-7,7,8,21,4,24,0,1,1,63,78,10,3,3,93
Bad,62,207,6,61,17,1,1,95,18,6,3,19,1,11,0,2,2,82,-8,12,-8,6,81
Bad,85,198,39,132,5,0,0,100,-7,7,8,5,0,60,0,0,0,26,-8,1,1,0,100
Bad,63,191,4,102,40,1,0,75,4,4,5,44,3,23,0,4,4,34,44,11,3,2,74
Bad,70,105,9,57,14,0,0,86,6,4,6,14,1,7,0,0,0,24,-8,5,1,1,67
Bad,62,147,3,41,8,1,1,89,25,5,2,9,2,44,0,1,1,97,84,4,3,1,100
Bad,65,264,3,115,11,0,0,57,1,4,6,14,1,21,0,2,2,19,63,4,2,1,100
Good,78,238,18,106,30,0,0,93,55,6,6,30,0,27,0,1,1,13,73,2,4,0,58
Good,69,272,7,90,11,1,1,92,9,0,2,12,2,42,0,0,0,35,95,3,1,1,71
Bad,65,116,3,39,22,0,0,95,15,6,6,22,3,32,0,1,1,50,47,5,4,1,69
Bad,66,398,13,129,14,1,0,81,2,4,5,16,0,13,0,0,0,32,-8,3,1,0,67
Bad,59,102,3,44,32,1,0,82,5,4,5,33,4,39,0,1,1,43,101,5,4,0,90
Bad,63,43,10,27,15,0,0,100,-7,7,8,15,1,20,0,1,1,53,77,9,2,1,85
Bad,66,105,5,63,30,0,0,97,14,6,6,30,4,57,0,4,4,49,26,7,5,1,86
Good,79,128,12,63,14,0,0,100,-7,7,8,14,0,29,0,1,1,28,-8,6,1,1,70
Bad,65,66,2,19,23,0,0,100,-7,7,8,26,9,19,0,0,0,33,75,15,4,2,87
Good,80,173,8,62,17,0,0,100,-7,7,8,18,2,67,0,1,1,21,93,3,3,0,100
Bad,66,293,2,67,13,0,0,93,-8,6,6,14,3,36,0,3,3,90,97,3,3,2,100
Good,81,302,2,86,37,0,0,95,59,6,6,41,4,41,0,0,0,1,69,3,5,0,50
Bad,66,194,4,78,3,2,2,75,55,6,3,4,1,0,0,0,0,76,-8,4,-8,0,100
Bad,73,211,5,71,38,0,0,98,42,6,6,43,5,49,0,1,1,33,100,4,4,0,57
Good,63,190,5,67,14,2,2,75,15,6,2,17,1,35,0,4,4,0,89,0,1,0,25
Bad,74,123,2,59,3,1,0,57,7,4,5,7,1,57,0,6,5,5,99,1,1,0,67
Good,81,121,7,42,15,1,0,94,76,6,5,16,1,19,0,0,0,4,-8,5,1,0,55
Bad,66,127,7,63,9,1,0,80,42,6,5,10,1,30,0,0,0,74,77,3,1,2,100
Good,68,213,4,52,15,0,0,100,-7,7,8,15,2,20,0,3,3,77,-8,9,1,3,91
Bad,58,33,5,18,12,0,0,100,-7,7,8,12,4,50,0,1,1,96,68,5,5,4,91
Bad,56,316,13,143,9,6,4,50,2,1,3,15,0,21,0,1,1,36,-8,4,1,0,63
Bad,66,163,19,73,14,0,0,93,27,6,6,14,0,64,0,0,0,51,58,2,2,2,67
Bad,73,190,19,68,37,0,0,100,-7,7,8,41,0,7,0,0,0,41,-8,14,1,7,63
Bad,69,59,10,43,10,2,2,75,32,6,3,12,1,50,0,0,0,18,81,1,2,0,75
Bad,55,222,15,93,18,0,0,67,1,4,6,21,0,19,0,0,0,105,72,11,3,3,82
Bad,60,43,1,21,16,0,0,94,36,6,6,17,7,29,0,9,9,32,99,4,1,1,50
Good,69,132,16,85,19,0,0,90,10,4,6,20,0,25,0,0,0,8,-8,5,2,0,70
Bad,80,226,2,66,35,0,0,100,-7,7,8,36,2,47,0,0,0,2,77,5,7,0,62
Good,75,198,1,90,28,0,0,100,-7,7,8,29,1,28,0,1,1,59,44,4,2,3,47
Bad,72,320,18,96,29,0,0,97,-7,5,7,30,0,20,0,1,1,74,56,9,2,3,92
Good,58,421,1,142,24,0,0,96,12,6,6,25,1,20,0,3,3,78,101,9,4,7,87
Bad,56,204,8,89,11,4,3,64,2,4,4,15,1,7,0,0,0,60,-8,2,-8,-8,33
Bad,72,263,15,103,22,0,0,100,-7,7,8,24,0,25,0,0,0,72,-8,9,2,2,92
Bad,66,236,11,74,26,2,0,90,8,4,2,29,1,17,0,0,0,77,-8,4,1,2,100
Bad,65,174,3,63,15,1,0,81,1,4,5,16,5,50,0,4,4,32,66,3,4,0,64
Bad,63,62,6,31,8,0,0,100,-7,7,8,8,2,25,0,3,3,91,139,5,1,1,86
Bad,68,113,9,45,33,0,0,100,-7,7,8,34,3,9,0,0,0,34,71,10,2,2,57
Bad,66,290,11,136,20,0,0,96,9,4,6,23,1,43,0,2,2,51,65,5,3,2,90
Bad,71,311,10,114,40,0,0,100,-7,7,8,40,1,23,0,2,2,28,75,12,4,4,59
Good,69,127,1,57,16,0,0,94,9,4,6,18,2,28,0,3,2,28,100,3,3,0,60
Bad,69,43,8,22,7,0,0,100,-7,7,8,8,1,50,0,1,1,58,77,3,3,1,86
Bad,62,183,5,95,8,5,2,50,17,6,2,14,1,29,0,2,2,59,-8,1,1,1,50
Bad,70,70,7,39,6,0,0,100,-7,7,8,6,2,17,0,0,0,96,-8,3,-8,3,75
Bad,68,164,12,78,48,1,1,94,6,4,6,50,0,29,0,2,2,67,56,4,10,2,74
Good,72,131,2,44,16,1,1,100,-7,7,8,18,2,47,0,0,0,4,51,3,3,0,86
Bad,66,31,3,18,10,0,0,100,-7,7,8,10,2,10,0,1,1,53,82,9,1,2,100
Bad,71,381,3,86,38,0,0,100,-7,7,8,39,3,18,0,3,2,35,53,8,3,3,65
Bad,80,206,3,75,19,0,0,100,-7,7,8,20,4,25,0,1,1,36,88,4,3,1,70
Good,76,146,12,54,13,0,0,100,-7,7,8,14,0,36,0,0,0,48,49,2,3,0,100
Bad,59,545,14,130,30,0,0,80,6,4,6,30,0,37,0,0,0,80,77,9,5,3,88
Good,82,175,15,77,23,0,0,96,46,6,6,23,0,39,0,3,3,5,50,2,3,0,45
Bad,54,137,7,77,3,13,12,43,8,4,2,16,1,43,0,0,0,13,93,1,1,0,67
Bad,58,138,15,65,9,6,6,60,14,6,2,17,0,60,0,0,0,38,-8,3,1,0,80
Bad,63,120,6,43,23,2,2,96,76,6,2,26,4,52,0,5,5,75,88,9,2,6,100
Good,85,327,42,136,15,0,0,93,44,6,6,15,0,47,0,2,2,0,-8,0,3,0,50
Bad,60,123,1,47,18,0,0,100,-7,7,8,20,3,5,0,1,1,90,-8,6,1,5,70
Bad,62,200,2,78,30,0,0,90,5,4,6,31,2,26,0,0,0,53,-8,6,1,0,54
Bad,64,218,5,84,26,0,0,100,-7,7,8,26,2,15,0,1,1,66,95,14,3,7,82
Good,60,51,9,26,13,0,0,100,-7,7,8,13,1,15,0,3,3,66,4,7,2,1,91
Bad,57,26,7,18,5,0,0,100,-7,7,8,5,1,60,0,1,1,100,-8,2,1,2,100
Bad,62,132,11,69,27,0,0,96,52,6,6,27,1,41,0,2,2,66,83,4,3,2,88
Good,83,143,9,59,27,0,0,100,-7,7,8,27,1,37,0,1,1,4,-8,2,1,0,33
Bad,74,390,0,81,24,1,1,93,7,0,2,27,3,44,0,1,1,26,87,2,2,0,40
Bad,68,91,4,25,18,0,0,100,-7,7,8,21,10,19,0,4,4,14,52,4,3,1,44
Bad,61,209,1,89,34,2,2,83,10,0,2,41,3,44,0,8,8,35,46,8,4,1,76
Bad,65,176,4,84,29,3,2,91,1,0,2,32,2,22,0,0,0,7,90,7,4,1,55
Bad,74,191,1,64,18,0,0,89,13,6,6,19,4,42,0,3,3,12,86,2,2,1,40
Bad,64,38,1,22,11,0,0,87,13,6,6,15,3,47,0,6,6,40,90,4,5,0,82
Bad,75,123,12,74,7,0,0,75,7,4,6,8,0,25,0,2,0,17,90,2,1,0,100
Bad,77,137,20,68,17,0,0,100,-7,7,8,18,0,17,0,5,4,48,-8,2,1,1,60
Bad,79,267,12,80,29,1,1,97,78,6,4,30,0,47,0,0,0,5,83,2,3,0,50
Good,83,122,0,61,24,0,0,100,-7,7,8,27,2,26,0,2,2,2,76,2,2,0,50
Bad,65,304,1,89,39,1,1,93,1,4,6,40,2,8,0,1,1,18,76,11,2,0,46
Bad,65,259,5,91,18,0,0,100,-7,7,8,27,2,11,0,1,1,89,-8,7,-8,5,80
Good,71,291,8,97,21,0,0,100,-7,7,8,21,1,52,0,1,1,87,70,5,3,1,100
Bad,65,109,6,45,7,1,1,86,39,6,6,8,2,57,0,0,0,79,93,2,1,1,100
Bad,94,203,12,125,9,0,0,100,-7,7,8,9,0,11,0,0,0,0,-8,0,1,0,25
Good,87,206,32,87,23,0,0,100,-7,7,8,23,0,30,0,3,3,6,-8,1,-8,0,13
Good,85,515,6,139,15,0,0,100,-7,7,8,15,1,47,0,0,0,28,-8,3,1,0,67
Bad,64,56,14,35,2,1,1,100,-7,0,8,4,0,100,0,0,0,-8,80,-8,2,-8,100
Good,84,380,5,109,24,0,0,100,-7,7,8,24,1,4,0,1,1,1,-8,3,1,0,27
Bad,65,208,6,65,37,0,0,100,-7,7,8,37,4,14,0,2,2,47,65,13,3,6,73
Bad,87,130,12,46,26,0,0,100,-7,7,8,26,0,12,0,0,0,4,-8,2,-8,0,40
Bad,63,158,31,88,14,0,0,80,3,4,6,15,0,53,0,0,0,48,-8,3,1,1,80
Bad,63,282,4,71,29,2,2,88,1,4,2,32,4,69,0,1,1,4,81,5,4,0,82
Bad,71,357,3,112,29,0,0,93,16,6,6,29,1,48,0,0,0,70,52,8,5,1,100
Bad,79,345,17,124,12,0,0,100,-7,7,8,12,0,33,0,3,3,53,-8,1,1,1,33
Good,77,409,15,137,33,0,0,100,-7,6,8,34,0,26,0,0,0,18,68,8,2,0,65
Bad,70,69,18,44,10,0,0,100,-7,7,8,10,0,20,0,4,4,70,53,3,1,2,57
Good,85,245,22,106,16,0,0,94,59,6,6,16,0,25,0,0,0,0,-8,0,-8,0,0
Bad,82,147,6,35,6,0,0,100,-7,7,8,6,2,50,0,0,0,16,73,1,2,0,75
Good,81,398,2,112,17,0,0,100,-7,7,8,18,2,33,0,0,0,47,60,5,2,1,64
Bad,77,73,3,41,22,0,0,100,-7,7,8,22,2,27,0,1,1,0,94,1,3,0,29
Good,65,195,3,94,29,0,0,97,2,4,6,29,2,17,0,1,1,31,-8,6,1,2,47
Bad,74,265,3,69,34,0,0,92,42,6,6,37,3,44,0,2,2,68,95,4,3,2,78
Bad,68,198,8,96,37,0,0,97,18,6,6,37,2,27,0,8,8,54,65,6,3,2,56
Bad,68,128,8,65,17,0,0,100,-7,7,8,17,2,65,0,6,6,81,50,2,5,2,88
Bad,67,388,3,106,31,0,0,100,-7,7,8,31,1,19,0,0,0,83,69,14,3,10,91
Bad,68,184,17,60,24,0,0,80,1,4,6,25,0,40,0,0,0,13,28,1,3,1,50
Bad,66,121,1,36,6,0,0,100,-7,7,8,7,5,29,0,3,3,104,100,3,2,3,100
Good,60,143,1,78,34,1,0,86,24,6,5,37,1,30,0,0,0,75,-8,5,1,3,67
Good,88,374,5,104,41,0,0,100,-7,7,8,44,1,43,0,0,0,4,-8,7,4,0,92
Good,57,179,12,70,13,2,1,75,0,3,4,16,0,44,0,0,0,19,87,4,2,0,75
Good,88,330,2,93,18,0,0,100,-7,7,8,19,1,32,0,1,1,3,99,6,1,0,64
Bad,62,132,7,69,31,0,0,100,-7,7,8,33,2,24,0,1,1,87,96,7,4,4,69
Bad,69,78,5,40,16,0,0,100,-7,7,8,16,1,25,0,2,2,69,-8,3,2,2,83
Bad,61,188,10,83,41,0,0,98,4,4,6,41,1,37,0,1,1,24,81,1,4,1,44
Good,70,92,11,57,16,0,0,88,16,6,6,16,1,44,0,0,0,37,61,1,3,0,67
Bad,59,42,1,18,11,2,2,100,-7,7,8,14,4,58,0,1,1,59,89,4,4,1,89
Bad,63,272,6,59,6,1,1,100,-7,6,8,6,3,17,0,0,0,97,-8,3,1,2,100
Bad,66,64,2,41,21,0,0,95,41,6,6,22,2,27,0,3,2,67,47,3,3,2,50
Bad,60,117,4,52,24,2,2,92,7,4,6,27,1,33,0,1,1,32,76,6,3,0,90
Good,72,413,10,70,31,0,0,97,54,6,6,31,2,74,0,1,1,25,-8,2,1,1,43
Good,68,295,3,107,20,0,0,90,2,4,6,21,1,24,0,1,1,32,-8,4,1,2,56
Bad,64,175,4,63,27,0,0,100,-7,7,8,27,5,30,0,0,0,63,86,10,3,4,81
Bad,59,148,29,79,9,1,0,60,11,4,5,10,0,60,0,0,0,86,46,2,5,1,100
Bad,76,66,2,31,5,0,0,100,-7,7,8,7,3,0,0,1,1,47,-8,3,-8,2,100
Good,70,320,4,65,31,0,0,100,-7,7,8,28,4,29,-7,4,4,32,76,4,3,1,47
Good,85,-8,14,140,24,0,0,100,-7,7,8,0,0,50,-7,0,0,26,70,4,4,0,73
Bad,47,204,16,100,25,2,2,89,1,0,6,28,0,21,-7,1,0,76,-8,9,1,3,85
Bad,66,72,13,71,13,0,0,93,1,4,6,17,0,29,-7,0,0,58,-8,4,1,2,83
Bad,72,261,27,131,16,1,1,94,13,6,6,16,0,25,-7,0,0,11,-8,1,1,0,29
Bad,80,157,5,133,27,0,0,78,-8,6,6,22,1,48,-7,0,0,6,64,6,3,0,82
Bad,63,83,6,63,23,0,0,91,27,6,6,10,1,22,-7,1,1,82,4,13,2,3,89
Bad,59,162,33,74,11,2,2,71,9,4,3,14,0,43,-7,0,0,83,17,4,3,1,100
Bad,69,306,8,48,21,0,0,91,18,6,6,37,1,27,-7,1,1,38,77,5,3,2,50
Good,87,32,2,89,20,0,0,100,-7,5,7,3,1,18,-7,0,0,14,22,4,1,0,83
Good,88,-8,16,121,24,0,0,100,-7,7,8,0,0,17,-7,0,0,0,52,1,2,0,30
Bad,64,194,8,76,24,1,1,88,9,4,2,26,2,48,-7,0,0,69,77,7,6,6,76
Bad,68,207,2,86,30,0,0,94,2,4,6,57,3,16,-7,2,2,19,51,3,2,0,36
Bad,71,428,4,99,35,1,0,94,4,3,5,13,3,19,-7,1,1,8,67,6,2,1,50
Good,66,115,7,109,35,0,0,100,-7,7,8,3,2,40,-7,1,1,82,67,4,4,3,90
Bad,64,260,1,61,17,1,1,95,6,2,4,23,5,26,-7,0,0,68,88,3,2,1,71
Bad,63,145,2,23,12,1,1,100,-7,7,8,3,5,23,-7,0,0,49,61,7,2,2,92
Good,65,209,8,56,41,1,1,98,2,0,2,47,4,38,-7,0,0,0,69,3,6,0,43
Bad,63,37,14,60,16,1,1,94,32,0,6,21,0,13,-7,2,2,57,80,7,2,2,82
Good,63,202,6,31,9,2,2,90,34,6,2,25,4,20,-7,1,1,49,81,6,2,1,89
Good,74,191,4,66,37,0,0,97,13,6,6,26,1,57,-7,0,0,33,83,4,6,0,63
Bad,56,203,8,80,22,0,0,95,3,4,6,19,2,14,-7,0,0,77,11,7,2,4,77
Bad,66,-8,8,77,16,1,1,88,72,6,6,0,2,13,-7,1,1,43,-8,3,1,1,63
Good,89,256,3,100,19,0,0,100,-7,7,8,27,2,47,-7,1,1,0,73,0,4,0,57
Good,76,179,7,91,22,0,0,100,-7,7,8,45,1,45,-7,0,0,40,88,4,2,1,78
Good,60,192,17,100,28,2,1,74,5,4,5,34,0,26,-7,3,3,85,82,10,2,3,93
Good,76,381,5,120,18,1,1,89,40,6,3,19,2,42,-7,3,3,29,36,2,3,1,56
Bad,71,171,11,62,17,0,0,88,69,6,6,20,1,35,-7,0,0,41,67,3,2,1,56
Bad,62,298,16,62,30,1,1,97,21,6,3,53,0,32,-7,2,1,70,56,8,3,3,79
Bad,62,201,3,84,31,1,0,69,11,4,5,39,2,9,-7,4,4,13,99,4,1,2,36
Bad,70,154,8,124,9,1,0,70,5,3,5,24,1,50,-7,1,1,9,-8,1,1,0,40
Bad,63,227,3,63,16,3,1,55,20,6,4,31,3,20,-7,1,1,28,100,6,2,0,73
Good,66,311,9,84,32,1,1,100,-7,7,8,33,3,39,-7,0,0,48,64,9,5,1,74
Bad,75,61,16,63,5,0,0,67,16,6,6,13,0,50,-7,1,1,43,-8,2,1,0,75
Good,71,55,3,30,20,0,0,100,-7,7,8,14,4,45,-7,1,1,40,94,6,4,0,91
Bad,43,255,3,119,29,1,1,63,1,4,6,3,4,33,-7,1,1,63,67,7,6,5,72
Bad,55,258,8,51,28,0,0,93,4,4,6,22,2,38,-7,1,1,55,99,9,3,5,71
Bad,83,255,3,72,29,0,0,100,-7,7,8,34,2,21,-7,2,2,2,-8,5,1,0,38
Good,81,216,4,70,32,0,0,100,-7,7,8,22,5,22,-7,0,0,4,54,8,2,0,56
Bad,70,84,8,40,15,1,0,88,60,6,5,16,1,25,-7,0,0,7,69,2,3,0,56
Good,72,330,4,104,33,0,0,97,23,6,6,32,5,21,-7,1,1,20,59,7,2,2,47
Bad,64,224,3,102,36,0,0,94,1,4,6,9,1,11,-7,0,0,71,23,6,2,2,56
Bad,65,-8,1,6,2,0,0,100,-7,7,8,0,2,67,-7,4,4,25,100,1,2,-8,100
Bad,57,192,13,71,26,0,0,89,8,4,6,37,0,59,-7,2,2,60,49,7,4,2,100
Bad,82,161,4,75,25,0,0,96,74,6,6,19,1,67,-7,5,5,9,87,2,2,-8,100
Good,74,260,7,61,45,1,0,96,60,6,5,47,1,24,-7,2,2,14,87,6,3,1,43
Bad,87,182,3,83,20,0,0,100,-7,7,8,13,4,35,-7,0,0,5,54,5,2,0,47
Good,70,183,27,97,16,2,2,89,66,6,2,25,0,33,-7,1,0,79,-8,3,1,1,100
Bad,62,170,3,34,15,0,0,100,-7,7,8,13,7,20,-7,0,0,67,100,10,2,3,100
Good,88,160,13,79,7,0,0,100,-7,7,8,14,0,29,-7,0,0,8,72,2,2,0,67
Bad,68,160,24,117,7,0,0,33,2,4,6,22,0,33,-7,0,0,41,-8,2,2,-8,57
Bad,56,182,3,85,18,0,0,78,2,4,6,34,1,33,-7,1,1,53,15,5,2,3,80
Bad,56,412,4,97,29,3,2,78,2,0,2,30,2,59,-7,2,2,6,75,1,5,-8,60
Good,55,312,3,72,24,3,1,78,1,3,3,27,6,22,-7,1,1,18,71,10,2,1,55
Bad,75,235,13,139,26,1,1,100,-7,6,8,44,0,35,-7,0,0,13,-8,2,1,0,57
Bad,74,115,13,31,10,0,0,100,-7,7,8,35,0,40,-7,1,1,21,73,3,2,1,86
Good,82,224,3,122,20,0,0,100,-7,7,8,5,2,10,-7,1,1,16,-8,8,-8,1,73
Good,63,264,5,41,16,1,1,94,3,0,2,16,3,47,-7,0,0,27,74,4,3,0,73
Bad,70,333,1,49,13,2,2,100,-7,6,8,20,2,36,-7,3,3,8,96,1,3,0,50
Bad,75,212,6,52,16,1,0,88,20,6,5,24,2,53,-7,2,2,16,44,2,2,-8,44
Bad,67,110,7,46,33,1,1,97,9,4,4,38,1,26,-7,1,1,41,23,9,2,2,87
Bad,57,108,15,68,21,1,1,95,8,0,6,19,0,57,-7,0,0,68,80,3,5,0,89
Good,72,166,2,58,29,0,0,100,-7,7,8,33,5,20,-7,0,0,34,90,4,2,1,33
Bad,71,146,4,52,17,1,1,89,14,6,2,46,3,22,-7,2,2,33,92,4,2,1,86
Bad,59,174,3,62,44,0,0,100,-7,7,8,38,5,20,-7,3,3,71,-8,13,2,6,75
Bad,74,202,9,89,27,0,0,100,-7,7,8,34,1,15,-7,0,0,51,-8,6,1,3,67
Good,81,291,6,65,5,0,0,80,67,6,6,10,1,40,-7,0,0,1,-8,2,1,0,75
Good,93,264,6,124,15,0,0,100,-7,7,8,26,1,0,-7,0,0,0,-8,1,-8,0,9
Good,76,185,4,69,32,0,0,97,25,6,6,34,3,13,-7,1,1,16,54,4,3,0,41
Good,57,277,9,98,28,0,0,93,4,4,6,9,2,39,-7,0,0,71,90,7,2,5,69
Bad,73,-8,1,104,12,1,0,93,5,3,5,0,1,43,-7,1,1,0,100,1,2,0,50
Good,86,271,10,113,26,0,0,100,-7,7,8,32,2,27,-7,1,0,13,50,2,3,0,33
Bad,78,125,4,97,16,0,0,94,67,6,6,9,1,19,-7,0,0,36,17,6,2,1,80
Bad,65,242,4,28,6,2,2,75,13,6,2,7,3,63,-7,2,2,23,87,1,3,0,100
Bad,67,351,11,98,7,2,2,86,30,6,6,8,1,14,-7,0,0,59,-8,3,-8,1,60
Bad,61,219,7,18,15,0,0,100,-7,7,8,4,3,20,-7,2,2,58,98,7,3,3,77
Bad,65,237,0,90,42,0,0,98,43,6,6,62,2,58,-7,3,3,60,90,4,4,4,80
Good,79,135,25,93,28,0,0,96,45,6,6,24,0,50,-7,0,0,13,66,1,4,0,45
Bad,72,186,13,55,25,1,1,92,37,6,6,43,0,24,-7,0,0,29,-8,4,1,1,71
Good,85,68,6,84,26,0,0,100,-7,7,8,7,1,27,-7,0,0,2,68,2,5,0,57
Good,82,426,3,115,33,0,0,100,-7,7,8,32,2,21,-7,1,1,13,56,4,2,0,58
Bad,76,94,2,49,25,0,0,100,-7,7,8,30,5,33,-7,4,4,20,81,2,4,0,40
Bad,61,197,3,43,13,0,0,100,-7,7,8,11,3,23,-7,2,2,90,40,5,3,5,89
Bad,63,84,2,65,25,0,0,96,0,4,6,7,2,50,-7,2,2,46,98,3,1,2,50
Bad,71,247,3,72,49,0,0,100,-7,6,7,74,3,66,-7,2,2,83,61,10,5,1,94
Bad,55,116,14,60,15,1,0,59,6,3,5,3,0,24,-7,0,0,85,8,3,2,2,83
Bad,67,248,9,45,30,1,0,94,28,6,5,28,2,16,-7,0,0,40,77,6,4,1,45
Bad,77,117,16,59,11,0,0,100,-7,7,8,12,0,18,-7,1,1,34,-8,2,1,1,38
Good,77,426,9,124,19,0,0,95,18,6,6,14,1,50,-7,0,0,46,-8,3,1,1,57
Bad,65,134,5,79,16,5,2,61,9,4,2,23,2,30,-7,0,0,18,96,2,2,0,57
Bad,67,57,1,41,14,0,0,94,24,6,6,4,2,25,-7,3,3,32,55,7,3,2,77
Good,56,128,9,87,14,2,0,88,1,3,5,12,2,29,-7,0,0,22,38,3,3,0,100
Bad,80,167,1,48,12,0,0,100,-7,7,8,22,4,57,-7,5,5,27,-8,3,1,0,100
Good,87,340,1,137,9,0,0,100,-7,7,8,2,1,10,-7,0,0,18,-8,3,-8,0,75
Bad,71,154,1,62,7,0,0,90,1,4,6,27,2,40,-7,3,2,14,-8,3,1,0,80
Bad,75,355,12,111,21,1,1,87,46,6,3,7,0,39,-7,2,2,50,64,5,3,2,62
Good,80,290,5,96,14,0,0,100,-7,7,8,43,2,21,-7,1,1,29,-8,5,2,1,58
Good,80,264,2,87,31,0,0,100,-7,7,8,34,5,9,-7,0,0,8,-8,4,-8,1,24
Bad,60,156,1,62,32,0,0,100,-7,7,8,17,4,15,-7,1,1,76,-8,13,1,3,89
Good,63,104,3,42,13,3,3,87,29,0,3,15,3,40,-7,4,4,41,100,5,6,0,85
Bad,67,235,5,39,11,0,0,91,6,4,6,30,3,27,-7,1,1,47,78,3,2,0,71
Good,77,327,2,80,39,0,0,100,-7,7,8,65,5,27,-7,1,1,5,91,5,5,2,42
Good,89,153,19,67,14,0,0,100,-7,7,8,20,0,36,-7,0,0,6,-8,2,1,0,60
Bad,75,195,2,64,36,0,0,100,-7,7,8,27,5,29,-7,2,2,54,79,9,6,2,83
Bad,74,319,5,68,22,0,0,100,-7,7,8,30,2,23,-7,3,3,39,90,3,2,1,75
Bad,65,-8,4,115,28,2,1,83,22,6,5,0,2,34,-7,3,3,68,23,6,3,3,69
Bad,55,75,7,45,16,0,0,94,0,4,6,12,2,13,-7,3,3,53,-8,12,1,3,93
Good,72,156,2,53,16,2,0,89,50,6,5,24,1,37,-7,0,0,29,50,2,2,1,44
Bad,63,143,1,85,31,1,1,88,6,4,3,10,4,24,-7,2,2,54,82,8,4,2,75
Good,74,36,20,80,20,0,0,100,-7,7,8,1,0,15,-7,1,1,81,-8,3,-8,2,67
Good,91,17,58,177,10,0,0,100,-7,7,8,3,0,10,-7,0,0,2,-8,5,-8,0,71
Bad,69,144,4,75,38,1,1,100,-7,7,8,13,2,21,-7,2,2,11,98,6,2,0,50
Bad,74,264,11,64,28,0,0,96,29,6,6,58,1,29,-7,5,5,37,-8,5,2,1,44
Good,73,197,5,79,40,0,0,100,-7,7,8,6,2,25,-7,3,3,31,70,2,6,1,38
Bad,66,-8,2,65,13,1,1,94,33,6,2,0,2,69,-7,2,2,55,95,3,3,0,100
Good,91,247,38,128,14,0,0,100,-7,7,8,6,0,0,-7,0,0,3,-8,2,-8,0,25
Good,86,252,3,90,56,0,0,100,-7,7,8,29,3,11,-7,1,1,3,-8,7,1,0,32
Bad,69,168,1,78,17,0,0,89,9,4,6,10,2,58,-7,2,2,34,69,3,5,1,80
Bad,76,212,14,87,21,0,0,100,-7,5,7,21,0,33,-7,0,0,40,85,7,2,0,90
Good,91,340,3,102,14,0,0,100,-7,7,8,22,1,21,-7,0,0,2,-8,2,-8,0,33
Bad,55,201,17,54,8,4,2,38,6,3,3,41,0,31,-7,0,0,98,50,2,2,1,80
Bad,63,137,4,41,18,0,0,100,-7,7,8,18,5,22,-7,3,3,60,98,8,2,3,71
Bad,66,101,5,73,31,0,0,100,-7,7,8,20,1,10,-7,4,3,72,-8,15,1,10,75
Bad,75,112,2,48,18,1,1,100,-7,7,8,31,2,21,-7,0,0,9,-8,3,1,0,50
Bad,65,79,1,50,28,0,0,100,-7,7,8,15,4,20,-7,1,1,87,97,9,2,7,79
Bad,59,94,4,33,31,0,0,94,11,4,6,31,3,29,-7,0,0,48,96,10,3,0,76
Bad,75,253,12,40,22,0,0,100,-7,7,8,50,0,32,-7,5,5,8,47,3,2,0,46
Bad,56,457,4,22,11,0,0,91,8,4,6,17,4,55,-7,1,1,92,82,5,4,2,100
Good,76,69,2,35,15,0,0,100,-7,7,8,17,2,18,-7,0,0,20,-8,4,1,1,50
Bad,77,94,5,24,7,0,0,100,-7,7,8,7,3,14,-7,1,1,0,-8,0,-8,0,0
Good,78,253,7,71,24,0,0,100,-7,7,8,52,3,52,-7,0,0,47,61,3,4,1,70
Good,73,368,2,103,43,0,0,100,-7,7,8,47,1,36,-7,0,0,70,72,17,4,7,91
Good,86,222,5,86,26,0,0,96,-7,5,7,30,2,31,-7,0,0,24,-8,3,-8,0,60
Good,71,22,20,156,10,1,1,91,12,6,2,7,0,36,-7,0,0,0,-8,2,1,-8,75
Bad,73,25,3,57,19,0,0,100,-7,7,8,11,1,10,-7,0,0,56,-8,8,1,3,75
Bad,58,212,15,44,8,2,2,100,-7,6,8,4,0,63,-7,2,2,60,61,3,3,1,100
Bad,80,254,3,73,25,0,0,100,-7,7,8,28,4,32,-7,3,3,0,99,2,2,0,36
Bad,66,67,5,124,19,4,3,90,22,6,5,2,1,35,-7,0,0,4,8,3,2,0,56
Bad,79,317,16,144,21,0,0,86,29,6,6,17,0,14,-7,2,2,19,-8,5,-8,1,38
Good,75,281,20,91,19,0,0,95,27,6,6,12,0,16,-7,3,3,22,81,5,1,0,60
Bad,66,118,6,22,10,0,0,90,-8,6,6,32,2,40,-7,0,0,31,77,3,3,1,75
Bad,80,267,15,69,9,1,0,80,30,6,5,14,0,30,-7,1,1,11,86,1,2,0,60
Good,87,440,9,105,26,0,0,100,-7,7,8,34,2,23,-7,0,0,15,47,2,2,0,29
Good,67,182,7,50,13,0,0,100,-7,7,8,6,1,62,-7,2,2,24,51,3,3,-8,86
Bad,61,96,3,28,9,1,1,80,8,4,2,16,3,40,-7,0,0,26,99,3,2,1,63
Bad,82,-8,24,91,15,1,0,94,57,6,5,0,0,31,-7,0,0,0,-8,2,1,0,50
Good,80,329,16,83,20,0,0,95,36,6,6,31,0,14,-7,2,2,9,-8,3,1,1,40
Bad,70,396,3,134,33,0,0,91,46,6,6,45,2,26,-7,5,5,59,39,6,2,2,50
Good,78,217,6,71,41,0,0,98,25,6,6,24,2,24,-7,1,1,12,33,3,3,0,32
Good,69,243,2,89,32,0,0,100,-7,7,8,22,4,30,-7,0,0,45,77,9,4,3,59
Bad,64,234,4,93,40,0,0,100,-7,7,8,27,5,23,-7,3,3,77,73,11,4,6,70
Good,73,252,2,126,38,1,0,98,38,6,5,49,6,38,-7,4,4,11,92,10,5,1,71
Bad,73,178,2,42,11,0,0,100,-7,7,8,11,2,8,-7,0,0,40,100,4,1,1,71
Bad,70,173,6,85,12,0,0,100,-7,7,8,10,2,46,-7,0,0,93,13,3,4,3,100
Good,65,273,5,62,32,0,0,100,-7,7,8,51,4,59,-7,2,2,57,88,7,4,3,85
Bad,74,-8,9,50,15,0,0,100,-7,7,8,0,2,60,-7,0,0,45,84,4,3,1,88
Bad,61,16,3,17,20,0,0,100,-7,5,7,1,8,20,-7,1,1,67,36,14,2,0,94
Bad,66,184,10,112,15,1,0,56,4,4,5,43,1,28,-7,0,0,58,87,5,2,1,70
Good,65,148,7,101,43,0,0,93,9,4,6,7,2,16,-7,1,1,51,89,13,3,4,59
Good,71,410,4,53,19,0,0,84,22,6,6,23,2,42,-7,2,2,40,38,4,4,0,75
Bad,64,261,5,62,27,2,0,76,2,4,5,39,3,28,-7,1,1,8,-8,2,2,1,40
Bad,77,127,2,62,11,0,0,100,-7,7,8,10,1,25,-7,3,3,28,43,3,2,1,83
Good,68,-8,24,124,23,0,0,100,-7,7,8,0,0,17,-7,0,0,67,-8,3,2,3,56
Bad,56,-8,10,43,7,1,0,38,0,3,5,0,1,25,-7,0,0,26,-8,2,1,0,57
Bad,74,195,2,97,15,1,1,82,28,6,2,14,2,24,-7,0,0,18,7,5,2,0,70
Bad,61,179,8,48,10,1,1,100,-7,7,8,11,2,30,-7,0,0,88,71,5,2,3,100
Bad,70,158,1,135,4,1,1,100,-7,7,8,13,1,80,-7,1,1,83,49,1,2,-8,100
Bad,88,-8,21,134,16,0,0,100,-7,7,8,0,0,13,-7,0,0,7,61,3,1,0,57
Bad,78,301,52,52,1,0,0,100,-7,7,8,15,0,100,-7,0,0,-8,6,-8,1,-8,100
Good,87,218,17,98,17,0,0,100,-7,7,8,39,0,35,-7,0,0,0,6,1,1,0,29
Good,81,192,4,40,12,0,0,100,-7,7,8,12,2,29,-7,1,1,8,14,3,2,0,56
Good,81,80,10,86,13,0,0,100,-7,7,8,19,3,31,-7,0,0,39,-8,5,1,0,100
Bad,75,247,1,80,28,0,0,87,17,6,6,46,2,23,-7,2,2,8,97,4,2,1,40
Bad,73,226,12,107,21,2,1,92,30,6,4,31,0,54,-7,0,0,59,26,7,2,3,82
Good,81,263,2,78,44,0,0,100,-7,7,8,38,4,20,-7,5,5,4,100,3,2,0,25
Good,75,463,3,86,43,0,0,98,50,6,6,46,5,14,-7,2,2,15,28,5,3,2,33
Bad,62,250,2,91,15,2,2,72,7,4,2,33,1,44,-7,0,0,62,-8,3,1,1,80
Bad,71,162,5,65,29,1,1,100,-7,7,8,24,2,34,-7,5,5,14,-8,3,-8,0,27
Bad,71,-8,6,37,2,0,0,100,-7,7,8,0,1,50,-7,1,1,-8,-8,-8,1,-8,100
